"TOA5","4540","CR800","4540","CR800.Std.21","CPU:CRREL_GPSProbeC_2014.CR8","51356","OperatorView"
"TIMESTAMP","RECORD","Counter","DepthCm","BattVolts","latitude_a","latitude_b","Longitude_a","Longitude_b","fix_quality","nmbr_satellites","HDOP","altitudeB","DepthVolts","LatitudeDDDDD","LongitudeDDDDD","month","dayofmonth","hourofday","minutes","seconds","microseconds"
"TS","RN","","","","degrees","minutes","degrees","minutes","unitless","","","","","","","","","","","",""
"","","Smp","Smp","Smp","Smp","Smp","Smp","Smp","Smp","Smp","Smp","Smp","Smp","Smp","Smp","Smp","Smp","Smp","Smp","Smp","Smp"
"2019-03-27 07:29:12.75",18003,100001,0.3,12.75,39,3.584,-108,-13.0816,2,8,1.1,3042.8,0,0.05973334,-0.2180267,3,27,7.00000,41,33,950000
"2019-03-27 07:29:13.25",18004,100002,0.3,12.75,39,3.5826,-108,-13.0831,2,8,1.1,3042,0,0.05971,-0.2180517,3,27,7.00000,42,39,190000
"2019-03-27 07:29:13.75",18005,100003,0.242,12.75,39,3.582,-108,-13.084,2,8,1.1,3041.2,-0.004,0.0597,-0.2180667,3,27,7.00000,43,9,500000
"2019-03-27 07:29:14.75",18006,100004,0.3,12.75,39,3.5816,-108,-13.0845,2,9,0.9,3040.4,0,0.05969333,-0.218075,3,27,7.00000,43,39,340000
"2019-03-27 07:29:15.25",18007,100005,0.3,12.75,39,3.581,-108,-13.0855,2,8,1.1,3040.5,0,0.05968334,-0.2180917,3,27,7.00000,44,26,800000
"2019-03-27 07:29:15.75",18008,100006,0.3,12.74,39,3.5809,-108,-13.0856,2,9,0.9,3040.5,0,0.05968166,-0.2180933,3,27,7.00000,44,51,320000
"2019-03-27 07:29:16.25",18009,100007,0.3,12.74,39,3.5801,-108,-13.0879,2,10,0.9,3040.5,0,0.05966834,-0.2181317,3,27,7.00000,45,15,290000
"2019-03-27 07:29:16.75",18010,100008,0.3,12.74,39,3.5787,-108,-13.0892,2,10,0.9,3039.5,0,0.059645,-0.2181533,3,27,7.00000,45,41,600000
"2019-03-27 07:29:17.25",18011,100009,0.3,12.74,39,3.5788,-108,-13.0898,2,10,0.9,3038.4,0,0.05964667,-0.2181633,3,27,7.00000,46,8,690000
"2019-03-27 07:29:17.75",18012,100010,0.3,12.74,39,3.5783,-108,-13.0897,2,10,0.9,3039.3,0,0.05963833,-0.2181617,3,27,7.00000,46,36,490000
"2019-03-27 07:29:18.25",18013,100011,0.3,12.74,39,3.5751,-108,-13.0882,2,10,0.9,3042.4,0,0.059585,-0.2181367,3,27,7.00000,50,17,600000
"2019-03-27 07:29:18.75",18014,100012,0.3,12.73,39,3.574,-108,-13.0853,2,10,0.9,3042.7,0,0.05956666,-0.2180883,3,27,7.00000,50,34,90000
"2019-03-27 07:29:19.5",18015,100013,0.3,12.73,39,3.5729,-108,-13.0842,2,10,0.9,3042.1,0,0.05954833,-0.21807,3,27,7.00000,50,51,140000
"2019-03-27 07:29:20",18016,100014,0.3,12.73,39,3.5732,-108,-13.0829,2,10,0.9,3042.7,0,0.05955333,-0.2180483,3,27,7.00000,51,21,30000
"2019-03-27 07:29:20.5",18017,100015,0.3,12.73,39,3.5721,-108,-13.0803,2,10,0.9,3044.3,0,0.059535,-0.218005,3,27,7.00000,51,38,50000
"2019-03-27 07:29:21",18018,100016,0.3,12.73,39,3.5716,-108,-13.0788,2,10,0.9,3044.2,0,0.05952667,-0.21798,3,27,7.00000,51,56,720000
"2019-03-27 07:29:21.5",18019,100017,0.3,12.73,39,3.5715,-108,-13.077,2,10,0.9,3043.9,0,0.059525,-0.21795,3,27,7.00000,52,19,120000
"2019-03-27 07:29:22",18020,100018,0.3,12.73,39,3.571,-108,-13.0749,2,10,0.9,3044.7,0,0.05951667,-0.217915,3,27,7.00000,52,44,640000
"2019-03-27 07:29:22.5",18021,100019,0.3,12.73,39,3.5705,-108,-13.0736,2,10,0.9,3044.8,0,0.05950833,-0.2178933,3,27,7.00000,53,1,500000
"2019-03-27 07:29:23",18022,100020,0.3,12.73,39,3.5704,-108,-13.0714,2,10,0.8,3044.3,0,0.05950666,-0.2178567,3,27,7.00000,53,18,820000
"2019-03-27 07:29:23.5",18023,100021,0.3,12.73,39,3.5698,-108,-13.0693,2,10,0.9,3044.7,0,0.05949666,-0.2178217,3,27,7.00000,53,33,280000
"2019-03-27 07:29:24",18024,100022,0.3,12.73,39,3.569,-108,-13.0682,2,10,0.9,3044,0,0.05948334,-0.2178033,3,27,7.00000,53,48,800000
"2019-03-27 07:29:24.75",18025,100023,0.3,12.73,39,3.5684,-108,-13.0664,2,10,0.8,3043.8,0,0.05947333,-0.2177733,3,27,7.00000,54,1,320000
"2019-03-27 07:29:25.5",18026,100024,0.3,12.73,39,3.5682,-108,-13.0643,2,10,0.9,3043.2,0,0.05947,-0.2177383,3,27,7.00000,54,19,690000
"2019-03-27 07:29:26.25",18027,100025,0.3,12.73,39,3.5679,-108,-13.0629,2,10,0.8,3043.2,0,0.059465,-0.217715,3,27,7.00000,54,42,700000
"2019-03-27 07:29:27",18028,100026,0.3,12.73,39,3.5679,-108,-13.0601,2,10,0.8,3043.5,0,0.059465,-0.2176683,3,27,7.00000,55,1,290000
"2019-03-27 07:29:27.75",18029,100027,0.3,12.72,39,3.5665,-108,-13.0587,2,10,0.9,3042.9,0,0.05944167,-0.217645,3,27,7.00000,55,14,80000
"2019-03-27 07:29:28.5",18030,100028,0.3,12.72,39,3.5628,-108,-13.0621,2,10,0.9,3043.1,0,0.05938,-0.2177017,3,27,7.00000,55,44,410000
"2019-03-27 07:29:29",18031,100029,0.3,12.72,39,3.5643,-108,-13.0632,2,10,0.8,3044.3,0,0.059405,-0.21772,3,27,7.00000,55,58,70000
"2019-03-27 07:29:29.5",18032,100030,0.3,12.72,39,3.5659,-108,-13.0643,2,10,0.9,3044.1,0,0.05943167,-0.2177383,3,27,7.00000,56,16,960000
"2019-03-27 07:29:30",18033,100031,0.3,12.72,39,3.5669,-108,-13.0654,2,10,0.8,3044,0,0.05944834,-0.2177567,3,27,7.00000,56,31,920000
"2019-03-27 07:29:30.5",18034,100032,0.3,12.72,39,3.5684,-108,-13.066,2,10,0.8,3044.9,0,0.05947333,-0.2177667,3,27,7.00000,56,51,880000
"2019-03-27 07:29:31",18035,100033,0.3,12.72,39,3.5691,-108,-13.0671,2,10,0.8,3044.5,0,0.059485,-0.217785,3,27,7.00000,57,15,280000
"2019-03-27 07:29:31.75",18036,100034,0.3,12.72,39,3.5699,-108,-13.0672,2,10,0.8,3043.8,0,0.05949833,-0.2177867,3,27,7.00000,57,26,820000
"2019-03-27 07:29:32.5",18037,100035,0.3,12.71,39,3.5712,-108,-13.0677,2,10,0.8,3043.1,0,0.05952,-0.217795,3,27,7.00000,57,40,810000
"2019-03-27 07:29:33.25",18038,100036,0.3,12.71,39,3.5723,-108,-13.0683,2,10,0.8,3043,0,0.05953833,-0.217805,3,27,7.00000,57,52,670000
"2019-03-27 07:29:33.75",18039,100037,0.3,12.71,39,3.5744,-108,-13.0689,2,10,0.9,3043.8,0,0.05957333,-0.217815,3,27,7.00000,58,6,480000
"2019-03-27 07:29:34.25",18040,100038,0.3,12.71,39,3.5758,-108,-13.07,2,10,0.8,3043.5,0,0.05959666,-0.2178333,3,27,7.00000,58,21,870000
"2019-03-27 07:29:34.75",18041,100039,0.3,12.71,39,3.5773,-108,-13.0706,2,10,0.8,3045.2,0,0.05962167,-0.2178433,3,27,7.00000,58,36,780000
"2019-03-27 07:29:35.5",18042,100040,0.3,12.71,39,3.5791,-108,-13.0707,2,10,0.8,3045.2,0,0.05965166,-0.217845,3,27,7.00000,58,52,340000
"2019-03-27 07:29:36.25",18043,100041,0.3,12.71,39,3.581,-108,-13.071,2,10,0.9,3045,0,0.05968334,-0.21785,3,27,7.00000,59,12,130000
"2019-03-27 07:29:37",18044,100042,0.3,12.71,39,3.5829,-108,-13.0715,2,10,0.8,3044.6,0,0.059715,-0.2178583,3,27,7.00000,59,27,610000
"2019-03-27 07:29:37.5",18045,100043,0.3,12.71,39,3.584,-108,-13.0717,2,10,0.8,3045.8,0,0.05973334,-0.2178617,3,27,7.00000,59,45,570000
"2019-03-27 07:29:38",18046,100044,0.3,12.71,39,3.5849,-108,-13.0714,2,10,0.8,3045,0,0.05974833,-0.2178567,3,27,7.00000,59,58,290000
"2019-03-27 07:29:38.75",18047,100045,0.3,12.71,39,3.5864,-108,-13.0719,2,10,0.8,3044.7,0,0.05977333,-0.217865,3,27,8,0,13,220000
"2019-03-27 07:29:39.25",18048,100046,0.3,12.71,39,3.5882,-108,-13.073,2,10,0.8,3044.1,0,0.05980333,-0.2178833,3,27,8,0,27,960000
"2019-03-27 07:29:39.75",18049,100047,0.3,12.71,39,3.5893,-108,-13.0726,2,10,0.8,3043.9,0,0.05982166,-0.2178767,3,27,8,0,47,250000
"2019-03-27 07:29:40.25",18050,100048,0.3,12.71,39,3.5914,-108,-13.073,2,10,0.8,3043.9,0,0.05985666,-0.2178833,3,27,8,1,0,280000
"2019-03-27 07:29:40.75",18051,100049,0.3,12.71,39,3.5935,-108,-13.0748,2,10,0.8,3043.2,0,0.05989166,-0.2179133,3,27,8,1,22,510000
"2019-03-27 07:29:41.5",18052,100050,0.3,12.71,39,3.5944,-108,-13.076,2,10,0.8,3044,0,0.05990666,-0.2179333,3,27,8,1,35,740000
"2019-03-27 07:29:42",18053,100051,0.3,12.71,39,3.5959,-108,-13.077,2,10,0.8,3044.8,0,0.05993167,-0.21795,3,27,8,1,48,910000
"2019-03-27 07:29:42.5",18054,100052,0.3,12.71,39,3.5975,-108,-13.0785,2,10,0.8,3043.5,0,0.05995834,-0.217975,3,27,8,2,3,350000
"2019-03-27 07:29:43",18055,100053,0.3,12.71,39,3.5995,-108,-13.0784,2,10,0.8,3044.4,0,0.05999166,-0.2179733,3,27,8,2,15,370000
"2019-03-27 07:29:43.5",18056,100054,0.3,12.71,39,3.6014,-108,-13.0794,2,10,0.8,3043.6,0,0.06002333,-0.21799,3,27,8,2,27,470000
"2019-03-27 07:29:44",18057,100055,0.3,12.71,39,3.6024,-108,-13.0802,2,10,0.8,3043.7,0,0.06004,-0.2180033,3,27,8,2,40,290000
"2019-03-27 07:29:44.5",18058,100056,0.3,12.71,39,3.6044,-108,-13.0811,2,9,1,3043.3,0,0.06007333,-0.2180183,3,27,8,2,52,70000
"2019-03-27 07:29:45",18059,100057,0.3,12.71,39,3.6066,-108,-13.0821,2,9,1,3042.2,0,0.06011,-0.218035,3,27,8,3,4,860000
"2019-03-27 07:29:45.5",18060,100058,0.3,12.7,39,3.6059,-108,-13.0805,2,9,0.9,3042,0,0.06009834,-0.2180083,3,27,8,3,30,540000
"2019-03-27 07:29:46.25",18061,100059,0.3,12.7,39,3.6046,-108,-13.0787,2,9,0.9,3042.3,0,0.06007666,-0.2179783,3,27,8,3,47,210000
"2019-03-27 07:29:47",18062,100060,0.3,12.7,39,3.605,-108,-13.0764,2,9,0.9,3042.3,0,0.06008333,-0.21794,3,27,8,4,4,210000
"2019-03-27 07:29:47.5",18063,100061,0.3,12.7,39,3.6043,-108,-13.0748,2,9,0.9,3042.9,0,0.06007166,-0.2179133,3,27,8,4,21,430000
"2019-03-27 07:29:48.25",18064,100062,0.3,12.7,39,3.6035,-108,-13.073,2,9,0.9,3043.8,0,0.06005833,-0.2178833,3,27,8,4,35,100000
"2019-03-27 07:29:49",18065,100063,0.3,12.7,39,3.6031,-108,-13.0701,2,9,0.9,3044,0,0.06005167,-0.217835,3,27,8,4,58,320000
"2019-03-27 07:29:49.75",18066,100064,0.3,12.7,39,3.6025,-108,-13.0686,2,9,0.9,3044,0,0.06004167,-0.21781,3,27,8,5,11,940000
"2019-03-27 07:29:50.5",18067,100065,0.3,12.7,39,3.6023,-108,-13.0667,2,9,0.9,3043.3,0,0.06003833,-0.2177783,3,27,8,5,30,480000
"2019-03-27 07:29:51.25",18068,100066,0.3,12.7,39,3.6019,-108,-13.0643,2,9,0.9,3043.4,0,0.06003167,-0.2177383,3,27,8,5,43,980000
"2019-03-27 07:29:51.75",18069,100067,0.3,12.7,39,3.6004,-108,-13.0623,2,9,0.9,3045.7,0,0.06000667,-0.217705,3,27,8,5,59,200000
"2019-03-27 07:29:52.5",18070,100068,0.3,12.7,39,3.6006,-108,-13.0607,2,9,0.9,3045.3,0,0.06001,-0.2176783,3,27,8,6,11,970000
"2019-03-27 07:29:53.25",18071,100069,0.3,12.7,39,3.6006,-108,-13.0593,2,9,0.9,3044.1,0,0.06001,-0.217655,3,27,8,6,24,170000
"2019-03-27 07:29:54",18072,100070,0.3,12.7,39,3.5994,-108,-13.057,2,9,0.9,3043.5,0,0.05999,-0.2176167,3,27,8,6,41,60000
"2019-03-27 07:29:54.75",18073,100071,0.3,12.7,39,3.5988,-108,-13.0553,2,9,0.9,3043.2,0,0.05998,-0.2175883,3,27,8,6,55,210000
"2019-03-27 07:29:55.5",18074,100072,0.3,12.7,39,3.5984,-108,-13.0526,2,9,0.9,3044.8,0,0.05997334,-0.2175433,3,27,8,7.00000,10,90000
"2019-03-27 07:29:56.25",18075,100073,0.3,12.7,39,3.599,-108,-13.0599,2,9,0.9,3045.8,0,0.05998333,-0.217665,3,27,8,7.00000,55,390000
"2019-03-27 07:29:56.75",18076,100074,0.3,12.7,39,3.5984,-108,-13.0615,2,9,0.9,3045.9,0,0.05997334,-0.2176917,3,27,8,8,8,360000
"2019-03-27 07:29:57.5",18077,100075,0.3,12.7,39,3.5974,-108,-13.0634,2,9,0.9,3047,0,0.05995667,-0.2177233,3,27,8,8,21,740000
"2019-03-27 07:29:58",18078,100076,0.3,12.7,39,3.5965,-108,-13.0643,2,9,0.9,3046.2,0,0.05994166,-0.2177383,3,27,8,8,35,200000
"2019-03-27 07:29:58.75",18079,100077,0.3,12.7,39,3.5952,-108,-13.0657,2,9,0.9,3045.4,0,0.05992,-0.2177617,3,27,8,8,47,390000
"2019-03-27 07:29:59.25",18080,100078,0.3,12.7,39,3.5933,-108,-13.067,2,9,0.9,3044.3,0,0.05988834,-0.2177833,3,27,8,9,1,390000
"2019-03-27 07:30:00",18081,100079,0.3,12.7,39,3.5926,-108,-13.0687,2,9,0.9,3045.2,0,0.05987667,-0.2178117,3,27,8,9,13,450000
"2019-03-27 07:30:00.75",18082,100080,0.3,12.7,39,3.591,-108,-13.0701,2,9,0.9,3045.2,0,0.05985,-0.217835,3,27,8,9,26,640000
"2019-03-27 07:30:01.5",18083,100081,0.3,12.7,39,3.5897,-108,-13.0716,2,9,0.9,3045.3,0,0.05982833,-0.21786,3,27,8,9,39,840000
"2019-03-27 07:30:02.25",18084,100082,0.3,12.69,39,3.5883,-108,-13.0738,2,9,0.9,3045.9,0,0.059805,-0.2178967,3,27,8,9,54,510000
"2019-03-27 07:30:03",18085,100083,0.3,12.69,39,3.5869,-108,-13.0763,2,9,0.9,3045.7,0,0.05978167,-0.2179383,3,27,8,10,7.00000,580000
"2019-03-27 07:30:03.75",18086,100084,0.3,12.69,39,3.585,-108,-13.0782,2,9,0.9,3045.9,0,0.05975,-0.21797,3,27,8,10,36,900000
"2019-03-27 07:30:04.5",18087,100085,0.3,12.69,39,3.5831,-108,-13.0811,2,9,0.9,3045.9,0,0.05971833,-0.2180183,3,27,8,11,37,720000
"2019-03-27 07:30:05",18088,100086,0.3,12.69,39,3.5621,-108,-13.0816,2,10,0.8,3044.6,0,0.05936833,-0.2180267,3,27,8,15,41,790000
"2019-03-27 07:30:05.75",18089,100087,0.3,12.69,39,3.5618,-108,-13.0827,2,10,0.8,3044.8,0,0.05936333,-0.218045,3,27,8,15,54,790000
"2019-03-27 07:30:06.5",18090,100088,0.3,12.69,39,3.5607,-108,-13.0847,2,10,0.8,3045.1,0,0.059345,-0.2180783,3,27,8,16,9,650000
"2019-03-27 07:30:07.25",18091,100089,0.3,12.68,39,3.5593,-108,-13.0867,2,10,0.8,3045.4,0,0.05932166,-0.2181117,3,27,8,16,22,960000
"2019-03-27 07:30:08",18092,100090,0.3,12.68,39,3.5582,-108,-13.0879,2,9,0.9,3046.3,0,0.05930333,-0.2181317,3,27,8,16,40,520000
"2019-03-27 07:30:08.75",18093,100091,0.3,12.68,39,3.5575,-108,-13.0897,2,9,0.9,3045.6,0,0.05929166,-0.2181617,3,27,8,16,53,270000
"2019-03-27 07:30:09.5",18094,100092,0.3,12.68,39,3.5563,-108,-13.0912,2,9,0.9,3045.9,0,0.05927167,-0.2181867,3,27,8,17,5,130000
"2019-03-27 07:30:10.25",18095,100093,0.3,12.68,39,3.5552,-108,-13.0934,2,9,0.9,3045.8,0,0.05925334,-0.2182233,3,27,8,17,17,500000
"2019-03-27 07:30:11",18096,100094,0.3,12.68,39,3.5544,-108,-13.0949,2,9,0.9,3046.4,0,0.05924,-0.2182483,3,27,8,17,30,230000
"2019-03-27 07:30:11.75",18097,100095,0.3,12.68,39,3.5531,-108,-13.096,2,9,0.9,3045.4,0,0.05921834,-0.2182667,3,27,8,17,43,410000
"2019-03-27 07:30:12.5",18098,100096,0.3,12.68,39,3.5519,-108,-13.0975,2,9,0.9,3045.4,0,0.05919833,-0.2182917,3,27,8,17,56,260000
"2019-03-27 07:30:13",18099,100097,0.3,12.68,39,3.5507,-108,-13.0997,2,9,0.9,3045.2,0,0.05917833,-0.2183283,3,27,8,18,7.00000,310000
"2019-03-27 07:30:13.75",18100,100098,0.3,12.68,39,3.5493,-108,-13.1015,2,9,0.9,3045.2,0,0.059155,-0.2183583,3,27,8,18,22,370000
"2019-03-27 07:30:14.5",18101,100099,0.3,12.68,39,3.5479,-108,-13.1034,2,9,0.9,3046.1,0,0.05913167,-0.21839,3,27,8,18,35,700000
"2019-03-27 07:30:15.25",18102,100100,0.3,12.68,39,3.5465,-108,-13.1055,2,9,0.9,3045.4,0,0.05910833,-0.218425,3,27,8,18,49,10000
"2019-03-27 07:30:16",18103,100101,0.3,12.68,39,3.5451,-108,-13.1073,2,9,0.9,3044.6,0,0.059085,-0.218455,3,27,8,19,0,510000
"2019-03-27 07:30:16.75",18104,100102,0.3,12.68,39,3.544,-108,-13.108,2,9,0.9,3045.3,0,0.05906666,-0.2184667,3,27,8,19,11,390000
"2019-03-27 07:30:17.5",18105,100103,0.3,12.68,39,3.5431,-108,-13.1096,2,9,0.9,3044.4,0,0.05905167,-0.2184933,3,27,8,19,25,60000
"2019-03-27 07:30:18.25",18106,100104,0.3,12.68,39,3.5422,-108,-13.1114,2,9,0.9,3043.6,0,0.05903667,-0.2185233,3,27,8,19,38,610000
"2019-03-27 07:30:19",18107,100105,0.3,12.68,39,3.5411,-108,-13.1133,2,9,0.9,3043.4,0,0.05901833,-0.218555,3,27,8,19,51,360000
"2019-03-27 07:30:19.75",18108,100106,0.3,12.68,39,3.5403,-108,-13.1151,2,9,0.9,3042.9,0,0.059005,-0.218585,3,27,8,20,6,970000
"2019-03-27 07:30:20.5",18109,100107,0.3,12.68,39,3.5388,-108,-13.1174,2,9,0.9,3043.1,0,0.05898,-0.2186233,3,27,8,20,23,330000
"2019-03-27 07:30:21.25",18110,100108,0.3,12.68,39,3.5372,-108,-13.1188,2,9,0.9,3043.8,0,0.05895333,-0.2186467,3,27,8,20,37,160000
"2019-03-27 07:30:22",18111,100109,0.3,12.68,39,3.5365,-108,-13.1197,2,9,0.9,3043.6,0,0.05894167,-0.2186617,3,27,8,20,50,880000
"2019-03-27 07:30:22.75",18112,100110,0.3,12.68,39,3.5351,-108,-13.1214,2,9,0.9,3043.6,0,0.05891834,-0.21869,3,27,8,21,20,80000
"2019-03-27 07:30:23.5",18113,100111,0.3,12.68,39,3.5341,-108,-13.1231,2,9,0.9,3043,0,0.05890167,-0.2187183,3,27,8,21,39,770000
"2019-03-27 07:30:24.25",18114,100112,0.3,12.68,39,3.5329,-108,-13.1245,2,8,1,3041.8,0,0.05888167,-0.2187417,3,27,8,21,53,890000
"2019-03-27 07:30:25",18115,100113,0.3,12.68,39,3.5319,-108,-13.1263,2,9,0.9,3042.9,0,0.058865,-0.2187717,3,27,8,22,8,780000
"2019-03-27 07:30:25.75",18116,100114,0.3,12.67,39,3.5305,-108,-13.1268,2,9,0.9,3042.2,0,0.05884166,-0.21878,3,27,8,24,6,270000
"2019-03-27 07:30:26.5",18117,100115,0.3,12.67,39,3.5302,-108,-13.1279,2,9,0.9,3042.4,0,0.05883666,-0.2187983,3,27,8,24,25,780000
"2019-03-27 07:30:27.25",18118,100116,0.3,12.67,39,3.529,-108,-13.1303,2,9,0.9,3042.6,0,0.05881667,-0.2188383,3,27,8,24,41,40000
"2019-03-27 07:30:28",18119,100117,0.3,12.67,39,3.5284,-108,-13.1305,2,9,0.9,3042.6,0,0.05880666,-0.2188417,3,27,8,24,48,270000
"2019-03-27 07:30:28.5",18120,100118,0.242,12.66,39,3.5272,-108,-13.1315,2,9,0.9,3043.4,-0.004,0.05878667,-0.2188583,3,27,8,26,38,280000
"2019-03-27 07:30:29.25",18121,100119,0.3,12.66,39,3.526,-108,-13.1336,2,9,0.9,3044,0,0.05876667,-0.2188933,3,27,8,26,52,440000
"2019-03-27 07:30:30",18122,100120,0.3,12.66,39,3.5248,-108,-13.1348,2,9,0.9,3043.8,0,0.05874667,-0.2189133,3,27,8,27,4,480000
"2019-03-27 07:30:30.75",18123,100121,0.242,12.66,39,3.5237,-108,-13.1365,2,9,0.9,3043.6,-0.004,0.05872833,-0.2189417,3,27,8,27,31,320000
"2019-03-27 07:30:31.5",18124,100122,0.3,12.66,39,3.5229,-108,-13.1385,2,9,0.9,3044.3,0,0.058715,-0.218975,3,27,8,27,47,120000
"2019-03-27 07:30:32",18125,100123,0.3,12.66,39,3.5213,-108,-13.1409,2,9,0.9,3043.3,0,0.05868834,-0.219015,3,27,8,28,9,340000
"2019-03-27 07:30:32.75",18126,100124,0.3,12.66,39,3.5197,-108,-13.1422,2,9,0.9,3043.3,0,0.05866166,-0.2190367,3,27,8,28,23,180000
"2019-03-27 07:30:33.5",18127,100125,0.3,12.66,39,3.5184,-108,-13.1437,2,9,0.9,3043.8,0,0.05864,-0.2190617,3,27,8,28,36,430000
"2019-03-27 07:30:34.25",18128,100126,0.3,12.66,39,3.517,-108,-13.1458,2,9,0.9,3043.8,0,0.05861666,-0.2190967,3,27,8,28,49,420000
"2019-03-27 07:30:35",18129,100127,0.3,12.66,39,3.516,-108,-13.1476,2,9,0.9,3043.8,0,0.0586,-0.2191267,3,27,8,29,0,250000
"2019-03-27 07:30:35.75",18130,100128,0.242,12.66,39,3.5147,-108,-13.1491,2,9,0.9,3044,-0.004,0.05857833,-0.2191517,3,27,8,29,11,290000
"2019-03-27 07:30:36.5",18131,100129,0.3,12.66,39,3.5143,-108,-13.15,2,9,0.9,3044.4,0,0.05857167,-0.2191667,3,27,8,29,22,580000
"2019-03-27 07:30:37.25",18132,100130,0.3,12.66,39,3.5127,-108,-13.1518,2,9,0.9,3044.7,0,0.058545,-0.2191967,3,27,8,29,37,420000
"2019-03-27 07:30:38",18133,100131,0.3,12.66,39,3.5114,-108,-13.1538,2,9,0.9,3045.2,0,0.05852334,-0.21923,3,27,8,29,50,390000
"2019-03-27 07:30:38.75",18134,100132,0.3,12.66,39,3.51,-108,-13.1561,2,9,0.9,3045,0,0.0585,-0.2192683,3,27,8,30,3,310000
"2019-03-27 07:30:39.5",18135,100133,0.3,12.66,39,3.5092,-108,-13.1577,2,9,0.9,3044.6,0,0.05848667,-0.219295,3,27,8,30,16,490000
"2019-03-27 07:30:40.25",18136,100134,0.3,12.66,39,3.5081,-108,-13.1599,2,8,1.1,3044.6,0,0.05846834,-0.2193317,3,27,8,30,29,780000
"2019-03-27 07:30:41",18137,100135,0.242,12.65,39,3.5071,-108,-13.1612,2,9,0.9,3044.9,-0.004,0.05845167,-0.2193533,3,27,8,30,42,930000
"2019-03-27 07:30:41.75",18138,100136,0.3,12.65,39,3.5059,-108,-13.1622,2,9,0.9,3045.5,0,0.05843167,-0.21937,3,27,8,30,56,240000
"2019-03-27 07:30:42.5",18139,100137,0.242,12.65,39,3.5045,-108,-13.1637,2,9,0.9,3045.9,-0.004,0.05840833,-0.219395,3,27,8,31,9,90000
"2019-03-27 07:30:43.25",18140,100138,0.3,12.65,39,3.5033,-108,-13.1657,2,9,0.9,3045.7,0,0.05838833,-0.2194283,3,27,8,31,45,20000
"2019-03-27 07:30:44",18141,100139,0.242,12.65,39,3.502,-108,-13.1683,2,9,0.9,3045,-0.004,0.05836667,-0.2194717,3,27,8,32,12,280000
"2019-03-27 07:30:44.75",18142,100140,0.242,12.65,39,3.5016,-108,-13.1697,2,9,0.9,3045.3,-0.004,0.05836,-0.219495,3,27,8,32,44,410000
"2019-03-27 07:30:45.5",18143,100141,0.242,12.65,39,3.5005,-108,-13.1712,2,9,0.9,3045.7,-0.004,0.05834167,-0.21952,3,27,8,33,2,250000
"2019-03-27 07:30:46.25",18144,100142,0.3,12.65,39,3.4991,-108,-13.173,2,9,0.9,3046.6,0,0.05831833,-0.21955,3,27,8,33,26,480000
"2019-03-27 07:30:47",18145,100143,0.3,12.65,39,3.4977,-108,-13.175,2,9,0.9,3046.1,0,0.058295,-0.2195833,3,27,8,33,41,800000
"2019-03-27 07:30:47.75",18146,100144,0.3,12.65,39,3.4964,-108,-13.1768,2,9,0.9,3045.7,0,0.05827334,-0.2196133,3,27,8,33,58,690000
"2019-03-27 07:30:48.5",18147,100145,0.242,12.65,39,3.4951,-108,-13.1788,2,9,0.9,3045.5,-0.004,0.05825167,-0.2196467,3,27,8,34,13,830000
"2019-03-27 07:30:49",18148,100146,0.3,12.65,39,3.4935,-108,-13.1805,2,9,0.9,3045.5,0,0.058225,-0.219675,3,27,8,34,29,480000
"2019-03-27 07:30:49.75",18149,100147,0.242,12.65,39,3.4926,-108,-13.1819,2,9,0.9,3045.2,-0.004,0.05821,-0.2196983,3,27,8,34,43,970000
"2019-03-27 07:30:50.5",18150,100148,0.242,12.65,39,3.491,-108,-13.1834,2,9,0.9,3046,-0.004,0.05818333,-0.2197233,3,27,8,35,8,760000
"2019-03-27 07:30:51.25",18151,100149,0.3,12.65,39,3.4905,-108,-13.1851,2,9,0.9,3045.5,0,0.058175,-0.2197517,3,27,8,35,40,630000
"2019-03-27 07:30:52",18152,100150,0.3,12.65,39,3.489,-108,-13.1865,2,9,0.9,3046.1,0,0.05815,-0.219775,3,27,8,35,56,900000
"2019-03-27 07:30:52.75",18153,100151,0.242,12.64,39,3.4874,-108,-13.1891,2,9,0.9,3045.6,-0.004,0.05812334,-0.2198183,3,27,8,36,10,450000
"2019-03-27 07:30:53.5",18154,100152,0.3,12.64,39,3.4863,-108,-13.1906,2,9,0.9,3045,0,0.058105,-0.2198433,3,27,8,36,24,300000
"2019-03-27 07:30:54.25",18155,100153,0.242,12.64,39,3.485,-108,-13.1922,2,8,1.1,3045.1,-0.004,0.05808333,-0.21987,3,27,8,36,38,660000
"2019-03-27 07:30:54.75",18156,100154,0.3,12.64,39,3.4839,-108,-13.1945,2,8,1.1,3046,0,0.058065,-0.2199083,3,27,8,36,50,970000
"2019-03-27 07:30:55.5",18157,100155,0.3,12.64,39,3.4821,-108,-13.1968,2,8,1,3046,0,0.058035,-0.2199467,3,27,8,37,4,920000
"2019-03-27 07:30:56.25",18158,100156,0.242,12.64,39,3.4806,-108,-13.1982,2,8,1.1,3048.1,-0.004,0.05801,-0.21997,3,27,8,37,17,600000
"2019-03-27 07:30:57.25",18159,100157,0.3,12.64,39,3.4786,-108,-13.1991,2,8,1,3050.1,0,0.05797667,-0.219985,3,27,8,37,45,610000
"2019-03-27 07:30:58",18160,100158,0.242,12.64,39,3.4771,-108,-13.2008,2,9,1.1,3049.4,-0.004,0.05795167,-0.2200133,3,27,8,38,1,750000
"2019-03-27 07:30:58.75",18161,100159,0.3,12.64,39,3.4759,-108,-13.2024,2,9,1.1,3049.2,0,0.05793166,-0.22004,3,27,8,38,17,20000
"2019-03-27 07:30:59.5",18162,100160,0.242,12.64,39,3.4748,-108,-13.2049,2,9,1,3047.9,-0.004,0.05791334,-0.2200817,3,27,8,38,31,350000
"2019-03-27 07:31:00.25",18163,100161,0.3,12.64,39,3.4733,-108,-13.2063,2,9,1.1,3047.7,0,0.05788833,-0.220105,3,27,8,38,45,740000
"2019-03-27 07:31:01",18164,100162,0.242,12.64,39,3.4713,-108,-13.2075,2,9,1,3047.3,-0.004,0.057855,-0.220125,3,27,8,39,1,670000
"2019-03-27 07:31:01.75",18165,100163,0.3,12.64,39,3.4706,-108,-13.2092,2,9,1.1,3047,0,0.05784333,-0.2201533,3,27,8,39,22,220000
"2019-03-27 07:31:02.5",18166,100164,0.242,12.64,39,3.4695,-108,-13.2108,2,9,1.1,3047.3,-0.004,0.057825,-0.22018,3,27,8,39,48,740000
"2019-03-27 07:31:03.25",18167,100165,0.242,12.64,39,3.468,-108,-13.2122,2,9,1,3049.6,-0.004,0.0578,-0.2202033,3,27,8,40,8,620000
"2019-03-27 07:31:04",18168,100166,0.3,12.64,39,3.4672,-108,-13.2138,2,9,1,3049.2,0,0.05778666,-0.22023,3,27,8,40,29,80000
"2019-03-27 07:31:04.75",18169,100167,0.3,12.64,39,3.4661,-108,-13.2153,2,9,1.1,3049.4,0,0.05776833,-0.220255,3,27,8,40,47,90000
"2019-03-27 07:31:05.5",18170,100168,0.3,12.64,39,3.4646,-108,-13.2172,2,9,1,3049.4,0,0.05774333,-0.2202867,3,27,8,41,3,980000
"2019-03-27 07:31:06.25",18171,100169,0.3,12.64,39,3.4632,-108,-13.2191,2,9,1.1,3049.4,0,0.05772,-0.2203183,3,27,8,41,19,580000
"2019-03-27 07:31:07",18172,100170,0.242,12.64,39,3.462,-108,-13.2206,2,9,1.1,3048.5,-0.004,0.0577,-0.2203433,3,27,8,41,35,240000
"2019-03-27 07:31:07.75",18173,100171,0.3,12.64,39,3.4609,-108,-13.2219,2,9,0.9,3049.5,0,0.05768167,-0.220365,3,27,8,41,51,750000
"2019-03-27 07:31:08.5",18174,100172,0.3,12.64,39,3.4595,-108,-13.2236,2,9,1.1,3049.4,0,0.05765833,-0.2203933,3,27,8,42,10,460000
"2019-03-27 07:31:09.25",18175,100173,0.3,12.63,39,3.4583,-108,-13.2243,2,9,0.9,3050.7,0,0.05763834,-0.220405,3,27,8,42,30,80000
"2019-03-27 07:31:10",18176,100174,0.3,12.63,39,3.4568,-108,-13.226,2,9,0.9,3050.8,0,0.05761333,-0.2204333,3,27,8,42,46,300000
"2019-03-27 07:31:10.75",18177,100175,0.242,12.63,39,3.4554,-108,-13.2281,2,9,0.9,3049.6,-0.004,0.05759,-0.2204683,3,27,8,42,59,550000
"2019-03-27 07:31:11.5",18178,100176,0.242,12.63,39,3.4534,-108,-13.2292,2,9,1.1,3050,-0.004,0.05755667,-0.2204867,3,27,8,43,14,130000
"2019-03-27 07:31:12.25",18179,100177,0.3,12.63,39,3.4527,-108,-13.2306,2,9,0.9,3049.6,0,0.057545,-0.22051,3,27,8,43,28,930000
"2019-03-27 07:31:13",18180,100178,0.242,12.63,39,3.4516,-108,-13.2316,2,9,0.9,3050.2,-0.004,0.05752667,-0.2205267,3,27,8,44,15,380000
"2019-03-27 07:31:13.75",18181,100179,0.242,12.63,39,3.4505,-108,-13.2331,2,9,0.9,3051.8,-0.004,0.05750834,-0.2205517,3,27,8,44,28,970000
"2019-03-27 07:31:14.5",18182,100180,0.3,12.63,39,3.4489,-108,-13.2351,2,9,1.1,3050.9,0,0.05748166,-0.220585,3,27,8,44,43,430000
"2019-03-27 07:31:15.25",18183,100181,0.3,12.63,39,3.448,-108,-13.2362,2,9,1.1,3051.8,0,0.05746667,-0.2206033,3,27,8,44,58,480000
"2019-03-27 07:31:16",18184,100182,0.242,12.63,39,3.4461,-108,-13.2378,2,9,1.1,3051.9,-0.004,0.057435,-0.22063,3,27,8,45,19,300000
"2019-03-27 07:31:16.75",18185,100183,0.3,12.63,39,3.4451,-108,-13.2395,2,9,1.1,3052.3,0,0.05741834,-0.2206583,3,27,8,45,39,610000
"2019-03-27 07:31:17.5",18186,100184,0.3,12.63,39,3.4437,-108,-13.24,2,9,1.1,3052.6,0,0.057395,-0.2206667,3,27,8,45,58,640000
"2019-03-27 07:31:18.25",18187,100185,0.3,12.63,39,3.4423,-108,-13.2415,2,9,1.1,3051.9,0,0.05737167,-0.2206917,3,27,8,46,12,440000
"2019-03-27 07:31:19",18188,100186,0.3,12.64,39,3.4406,-108,-13.2436,2,9,1.1,3051.7,0,0.05734333,-0.2207267,3,27,8,46,29,170000
"2019-03-27 07:31:20",18189,100187,0.3,12.64,39,3.4393,-108,-13.2448,2,9,0.9,3050.9,0,0.05732167,-0.2207467,3,27,8,47,11,720000
"2019-03-27 07:31:20.75",18190,100188,0.3,12.63,39,3.4384,-108,-13.2451,2,9,1.1,3051.9,0,0.05730666,-0.2207517,3,27,8,49,15,210000
"2019-03-27 07:31:21.5",18191,100189,0.3,12.63,39,3.4382,-108,-13.2458,2,9,0.9,3052.1,0,0.05730333,-0.2207633,3,27,8,51,8,880000
"2019-03-27 07:31:22.25",18192,100190,0.3,12.62,39,3.4363,-108,-13.2474,2,9,1.1,3053.3,0,0.05727167,-0.22079,3,27,8,51,25,780000
"2019-03-27 07:31:23",18193,100191,0.3,12.62,39,3.4347,-108,-13.2488,2,9,1.1,3053.6,0,0.057245,-0.2208133,3,27,8,51,40,10000
"2019-03-27 07:31:23.75",18194,100192,0.3,12.62,39,3.4336,-108,-13.2502,2,9,1.1,3052.9,0,0.05722666,-0.2208367,3,27,8,51,52,260000
"2019-03-27 07:31:24.5",18195,100193,0.3,12.63,39,3.4323,-108,-13.2518,2,9,1.1,3052.4,0,0.057205,-0.2208633,3,27,8,52,3,620000
"2019-03-27 07:31:25.25",18196,100194,0.3,12.63,39,3.4309,-108,-13.2528,2,9,1.1,3052,0,0.05718167,-0.22088,3,27,8,52,16,600000
"2019-03-27 07:31:26",18197,100195,0.3,12.62,39,3.4292,-108,-13.2539,2,9,1.1,3051.6,0,0.05715333,-0.2208983,3,27,8,52,29,10000
"2019-03-27 07:31:26.75",18198,100196,0.3,12.62,39,3.4277,-108,-13.2545,2,9,1.1,3052.6,0,0.05712833,-0.2209083,3,27,8,52,46,980000
"2019-03-27 07:31:27.75",18199,100197,0.3,12.62,39,3.4265,-108,-13.2561,2,9,1.1,3051.9,0,0.05710834,-0.220935,3,27,8,53,0,660000
"2019-03-27 07:31:28.75",18200,100198,0.3,12.62,39,3.4249,-108,-13.2576,2,9,1.1,3051.8,0,0.05708166,-0.22096,3,27,8,53,17,440000
"2019-03-27 07:31:29.5",18201,100199,0.3,12.62,39,3.4227,-108,-13.2592,2,9,1.1,3051.1,0,0.057045,-0.2209867,3,27,8,53,32,800000
"2019-03-27 07:31:30.25",18202,100200,0.3,12.62,39,3.4214,-108,-13.2605,2,9,1.1,3050.8,0,0.05702334,-0.2210083,3,27,8,53,47,650000
"2019-03-27 07:31:31.25",18203,100201,0.3,12.62,39,3.4201,-108,-13.2621,2,9,0.9,3048.7,0,0.05700166,-0.221035,3,27,8,53,59,690000
"2019-03-27 07:31:31.75",18204,100202,0.3,12.62,39,3.4186,-108,-13.2632,2,9,1.1,3050.3,0,0.05697667,-0.2210533,3,27,8,54,13,310000
"2019-03-27 07:31:32.5",18205,100203,0.3,12.62,39,3.4176,-108,-13.265,2,9,1.1,3049.3,0,0.05696,-0.2210833,3,27,8,54,27,890000
"2019-03-27 07:31:33.25",18206,100204,0.3,12.62,39,3.4154,-108,-13.2665,2,9,1.1,3050.7,0,0.05692333,-0.2211083,3,27,8,54,43,940000
"2019-03-27 07:31:34",18207,100205,0.3,12.62,39,3.4139,-108,-13.2676,2,9,0.9,3051.2,0,0.05689833,-0.2211267,3,27,8,54,56,660000
"2019-03-27 07:31:34.75",18208,100206,0.3,12.62,39,3.4124,-108,-13.2688,2,9,1.1,3050.4,0,0.05687333,-0.2211467,3,27,8,55,10,940000
"2019-03-27 07:31:35.5",18209,100207,0.3,12.62,39,3.4111,-108,-13.2698,2,9,1.1,3049.6,0,0.05685167,-0.2211633,3,27,8,55,24,20000
"2019-03-27 07:31:36.25",18210,100208,0.3,12.62,39,3.4097,-108,-13.2709,2,9,1.1,3049.8,0,0.05682833,-0.2211817,3,27,8,55,39,800000
"2019-03-27 07:31:37.25",18211,100209,0.3,12.62,39,3.4079,-108,-13.2728,2,9,1.1,3050,0,0.05679834,-0.2212133,3,27,8,55,54,250000
"2019-03-27 07:31:38",18212,100210,0.3,12.62,39,3.406,-108,-13.2735,2,9,1.1,3049.1,0,0.05676667,-0.221225,3,27,8,56,8,130000
"2019-03-27 07:31:38.75",18213,100211,0.3,12.62,39,3.405,-108,-13.2746,2,9,1.1,3048.6,0,0.05675,-0.2212433,3,27,8,56,22,220000
"2019-03-27 07:31:39.5",18214,100212,0.3,12.62,39,3.4031,-108,-13.2758,2,9,0.9,3049,0,0.05671834,-0.2212633,3,27,8,56,35,520000
"2019-03-27 07:31:40.5",18215,100213,0.3,12.62,39,3.4018,-108,-13.2769,2,9,0.9,3048.3,0,0.05669666,-0.2212817,3,27,8,56,48,430000
"2019-03-27 07:31:41.25",18216,100214,0.3,12.62,39,3.4001,-108,-13.2784,2,9,0.9,3048,0,0.05666833,-0.2213067,3,27,8,57,2,80000
"2019-03-27 07:31:42",18217,100215,0.3,12.62,39,3.3983,-108,-13.2786,2,9,0.9,3049.5,0,0.05663833,-0.22131,3,27,8,57,15,620000
"2019-03-27 07:31:43",18218,100216,0.3,12.62,39,3.3966,-108,-13.2799,2,9,0.9,3049.4,0,0.05661,-0.2213317,3,27,8,57,28,680000
"2019-03-27 07:31:43.75",18219,100217,0.3,12.62,39,3.3949,-108,-13.2817,2,9,1.1,3047.6,0,0.05658167,-0.2213617,3,27,8,57,45,670000
"2019-03-27 07:31:44.5",18220,100218,0.3,12.62,39,3.3936,-108,-13.2822,2,9,1.1,3047.2,0,0.05656,-0.22137,3,27,8,57,59,80000
"2019-03-27 07:31:45.5",18221,100219,0.3,12.62,39,3.392,-108,-13.2831,2,9,1.1,3046.4,0,0.05653333,-0.221385,3,27,8,58,12,890000
"2019-03-27 07:31:46.25",18222,100220,0.3,12.62,39,3.39,-108,-13.2847,2,10,0.9,3046.3,0,0.0565,-0.2214117,3,27,8,58,33,490000
"2019-03-27 07:31:47",18223,100221,0.3,12.62,39,3.3884,-108,-13.2852,2,10,0.9,3046.2,0,0.05647333,-0.22142,3,27,8,58,52,440000
"2019-03-27 07:31:47.75",18224,100222,0.3,12.62,39,3.3865,-108,-13.2862,2,10,0.9,3045.9,0,0.05644166,-0.2214367,3,27,8,59,10,310000
"2019-03-27 07:31:48.5",18225,100223,0.3,12.62,39,3.3844,-108,-13.2868,2,10,0.9,3046.4,0,0.05640666,-0.2214467,3,27,8,59,25,870000
"2019-03-27 07:31:49.25",18226,100224,0.3,12.61,39,3.3825,-108,-13.2875,2,10,0.9,3046.9,0,0.056375,-0.2214583,3,27,8,59,41,880000
"2019-03-27 07:31:50.25",18227,100225,0.3,12.62,39,3.3808,-108,-13.2892,2,10,0.9,3046,0,0.05634667,-0.2214867,3,27,9,0,0,420000
"2019-03-27 07:31:51",18228,100226,0.3,12.62,39,3.3785,-108,-13.2902,2,10,0.9,3046.3,0,0.05630833,-0.2215033,3,27,9,0,16,470000
"2019-03-27 07:31:51.75",18229,100227,0.3,12.62,39,3.3766,-108,-13.29,2,10,0.9,3047.5,0,0.05627667,-0.2215,3,27,9,0,32,280000
"2019-03-27 07:31:52.5",18230,100228,0.3,12.61,39,3.3748,-108,-13.289,2,10,0.9,3047.2,0,0.05624666,-0.2214833,3,27,9,0,48,400000
"2019-03-27 07:31:53.25",18231,100229,0.3,12.61,39,3.3725,-108,-13.2883,2,10,0.9,3045.6,0,0.05620833,-0.2214717,3,27,9,1,9,850000
"2019-03-27 07:31:54",18232,100230,0.3,12.61,39,3.371,-108,-13.2865,2,9,1.1,3046.6,0,0.05618334,-0.2214417,3,27,9,3,7.00000,340000
"2019-03-27 07:31:54.5",18233,100231,0.3,12.61,39,3.3703,-108,-13.2845,2,10,0.9,3045.9,0,0.05617167,-0.2214083,3,27,9,3,23,430000
"2019-03-27 07:31:55.5",18234,100232,0.3,12.61,39,3.3691,-108,-13.2817,2,10,0.9,3046.4,0,0.05615167,-0.2213617,3,27,9,3,45,480000
"2019-03-27 07:31:56.25",18235,100233,0.3,12.61,39,3.3684,-108,-13.2797,2,10,0.9,3047.1,0,0.05614,-0.2213283,3,27,9,4,0,160000
"2019-03-27 07:31:57",18236,100234,0.3,12.61,39,3.3678,-108,-13.2774,2,10,0.9,3047.5,0,0.05613,-0.22129,3,27,9,4,16,300000
"2019-03-27 07:31:58",18237,100235,0.3,12.61,39,3.368,-108,-13.2752,2,10,0.9,3049,0,0.05613333,-0.2212533,3,27,9,4,32,20000
"2019-03-27 07:31:58.75",18238,100236,0.3,12.61,39,3.3685,-108,-13.273,2,10,0.9,3050.3,0,0.05614167,-0.2212167,3,27,9,4,45,370000
"2019-03-27 07:31:59.5",18239,100237,0.3,12.61,39,3.3696,-108,-13.2711,2,10,0.9,3050.6,0,0.05616,-0.221185,3,27,9,5,0,440000
"2019-03-27 07:32:00.25",18240,100238,0.3,12.61,39,3.371,-108,-13.2694,2,10,0.9,3050.2,0,0.05618334,-0.2211567,3,27,9,5,14,850000
"2019-03-27 07:32:00.75",18241,100239,0.3,12.61,39,3.3718,-108,-13.2683,2,10,0.8,3050,0,0.05619667,-0.2211383,3,27,9,5,31,50000
"2019-03-27 07:32:01.5",18242,100240,0.3,12.61,39,3.3734,-108,-13.2662,2,10,0.9,3050.3,0,0.05622333,-0.2211033,3,27,9,5,42,720000
"2019-03-27 07:32:02.25",18243,100241,0.3,12.61,39,3.3749,-108,-13.2646,2,10,0.9,3050.8,0,0.05624833,-0.2210767,3,27,9,5,57,470000
"2019-03-27 07:32:03",18244,100242,0.3,12.61,39,3.3762,-108,-13.2629,2,10,0.8,3051.4,0,0.05627,-0.2210483,3,27,9,6,10,250000
"2019-03-27 07:32:03.75",18245,100243,0.3,12.61,39,3.3781,-108,-13.2614,2,10,0.8,3051.3,0,0.05630166,-0.2210233,3,27,9,6,25,220000
"2019-03-27 07:32:04.5",18246,100244,0.3,12.61,39,3.3794,-108,-13.2601,2,10,0.8,3050.5,0,0.05632334,-0.2210017,3,27,9,6,40,710000
"2019-03-27 07:32:05.25",18247,100245,0.3,12.61,39,3.3813,-108,-13.2587,2,10,0.8,3050.7,0,0.056355,-0.2209783,3,27,9,6,55,670000
"2019-03-27 07:32:06",18248,100246,0.3,12.61,39,3.3827,-108,-13.2575,2,10,0.9,3050.5,0,0.05637833,-0.2209583,3,27,9,7.00000,10,390000
"2019-03-27 07:32:06.75",18249,100247,0.3,12.61,39,3.3843,-108,-13.2567,2,10,0.9,3050.3,0,0.056405,-0.220945,3,27,9,7.00000,25,770000
"2019-03-27 07:32:07.5",18250,100248,0.3,12.61,39,3.3861,-108,-13.2555,2,10,0.8,3049.8,0,0.056435,-0.220925,3,27,9,7.00000,41,820000
"2019-03-27 07:32:08",18251,100249,0.3,12.61,39,3.3879,-108,-13.2545,2,10,0.8,3050.3,0,0.056465,-0.2209083,3,27,9,7.00000,55,880000
"2019-03-27 07:32:08.75",18252,100250,0.3,12.61,39,3.3901,-108,-13.2528,2,10,0.8,3050.5,0,0.05650167,-0.22088,3,27,9,8,9,870000
"2019-03-27 07:32:09.5",18253,100251,0.3,12.61,39,3.3915,-108,-13.2521,2,10,0.9,3051.4,0,0.056525,-0.2208683,3,27,9,8,24,570000
"2019-03-27 07:32:10.25",18254,100252,0.3,12.6,39,3.3933,-108,-13.2507,2,10,0.8,3051.4,0,0.056555,-0.220845,3,27,9,8,38,100000
"2019-03-27 07:32:10.75",18255,100253,0.3,12.6,39,3.3944,-108,-13.2499,2,10,0.9,3051.2,0,0.05657333,-0.2208317,3,27,9,8,54,230000
"2019-03-27 07:32:11.5",18256,100254,0.3,12.61,39,3.3967,-108,-13.2486,2,10,0.8,3049.4,0,0.05661166,-0.22081,3,27,9,9,14,610000
"2019-03-27 07:32:12.25",18257,100255,0.3,12.6,39,3.3984,-108,-13.2476,2,10,0.8,3048.9,0,0.05664,-0.2207933,3,27,9,9,30,120000
"2019-03-27 07:32:13",18258,100256,0.3,12.6,39,3.3999,-108,-13.2468,2,9,1.1,3049.4,0,0.056665,-0.22078,3,27,9,9,46,710000
"2019-03-27 07:32:13.75",18259,100257,0.3,12.6,39,3.4014,-108,-13.2459,2,10,0.9,3049.6,0,0.05669,-0.220765,3,27,9,9,59,920000
"2019-03-27 07:32:14.5",18260,100258,0.3,12.6,39,3.4035,-108,-13.2446,2,10,0.9,3050.6,0,0.056725,-0.2207433,3,27,9,10,13,70000
"2019-03-27 07:32:15.25",18261,100259,0.3,12.6,39,3.4054,-108,-13.2436,2,10,0.9,3051.2,0,0.05675667,-0.2207267,3,27,9,10,27,160000
"2019-03-27 07:32:16",18262,100260,0.3,12.6,39,3.4065,-108,-13.2428,2,10,0.8,3051,0,0.056775,-0.2207133,3,27,9,10,38,720000
"2019-03-27 07:32:16.75",18263,100261,0.3,12.6,39,3.4086,-108,-13.2423,2,9,0.9,3052.2,0,0.05681,-0.220705,3,27,9,10,57,490000
"2019-03-27 07:32:17.5",18264,100262,0.3,12.6,39,3.4105,-108,-13.2406,2,10,0.9,3051.9,0,0.05684167,-0.2206767,3,27,9,11,10,600000
"2019-03-27 07:32:18.25",18265,100263,0.3,12.6,39,3.4121,-108,-13.239,2,10,0.8,3054.2,0,0.05686833,-0.22065,3,27,9,11,25,60000
"2019-03-27 07:32:19",18266,100264,0.3,12.6,39,3.4135,-108,-13.2377,2,10,0.8,3056.5,0,0.05689167,-0.2206283,3,27,9,12,3,580000
"2019-03-27 07:32:19.75",18267,100265,0.3,12.6,39,3.416,-108,-13.2368,2,10,0.9,3054,0,0.05693333,-0.2206133,3,27,9,12,20,300000
"2019-03-27 07:32:20.5",18268,100266,0.3,12.6,39,3.4175,-108,-13.2358,2,10,0.8,3052.4,0,0.05695833,-0.2205967,3,27,9,12,37,480000
"2019-03-27 07:32:21.25",18269,100267,0.3,12.6,39,3.4192,-108,-13.2344,2,10,0.9,3052.3,0,0.05698667,-0.2205733,3,27,9,12,53,340000
"2019-03-27 07:32:22",18270,100268,0.3,12.6,39,3.4206,-108,-13.2332,2,10,0.8,3052.2,0,0.05701,-0.2205533,3,27,9,13,9,410000
"2019-03-27 07:32:22.75",18271,100269,0.3,12.6,39,3.4223,-108,-13.2316,2,10,0.8,3051.3,0,0.05703833,-0.2205267,3,27,9,13,26,570000
"2019-03-27 07:32:23.5",18272,100270,0.3,12.6,39,3.4239,-108,-13.2302,2,10,0.9,3051.4,0,0.057065,-0.2205033,3,27,9,13,41,950000
"2019-03-27 07:32:24.25",18273,100271,0.3,12.6,39,3.4254,-108,-13.2288,2,10,0.9,3052.1,0,0.05709,-0.22048,3,27,9,13,54,360000
"2019-03-27 07:32:25",18274,100272,0.3,12.6,39,3.4269,-108,-13.227,2,10,0.9,3050.8,0,0.057115,-0.22045,3,27,9,14,9,220000
"2019-03-27 07:32:25.75",18275,100273,0.3,12.6,39,3.4287,-108,-13.2264,2,10,0.9,3049.8,0,0.057145,-0.22044,3,27,9,14,24,650000
"2019-03-27 07:32:26.25",18276,100274,0.3,12.6,39,3.4304,-108,-13.225,2,10,0.9,3050,0,0.05717333,-0.2204167,3,27,9,14,43,100000
"2019-03-27 07:32:27",18277,100275,0.3,12.6,39,3.4326,-108,-13.223,2,10,0.9,3048.9,0,0.05721,-0.2203833,3,27,9,15,0,270000
"2019-03-27 07:32:27.75",18278,100276,0.3,12.6,39,3.4341,-108,-13.2221,2,10,0.9,3049.8,0,0.057235,-0.2203683,3,27,9,15,14,260000
"2019-03-27 07:32:28.5",18279,100277,0.3,12.6,39,3.4358,-108,-13.2206,2,9,0.9,3049.7,0,0.05726333,-0.2203433,3,27,9,15,27,710000
"2019-03-27 07:32:29.25",18280,100278,0.3,12.6,39,3.4375,-108,-13.2193,2,9,0.9,3050,0,0.05729167,-0.2203217,3,27,9,15,43,140000
"2019-03-27 07:32:30.25",18281,100279,0.3,12.6,39,3.4391,-108,-13.2179,2,9,0.9,3051.5,0,0.05731833,-0.2202983,3,27,9,15,57,520000
"2019-03-27 07:32:31.25",18282,100280,0.3,12.59,39,3.4415,-108,-13.2155,2,9,0.9,3052.3,0,0.05735833,-0.2202583,3,27,9,16,29,560000
"2019-03-27 07:32:32",18283,100281,0.3,12.6,39,3.4422,-108,-13.2146,2,9,0.9,3053.8,0,0.05737,-0.2202433,3,27,9,16,54,960000
"2019-03-27 07:32:32.75",18284,100282,0.3,12.59,39,3.4437,-108,-13.2127,2,9,0.9,3053.2,0,0.057395,-0.2202117,3,27,9,17,12,40000
"2019-03-27 07:32:33.5",18285,100283,0.3,12.59,39,3.4454,-108,-13.2112,2,9,0.9,3053.3,0,0.05742334,-0.2201867,3,27,9,17,28,430000
"2019-03-27 07:32:34.25",18286,100284,0.3,12.59,39,3.4469,-108,-13.2086,2,9,0.9,3052,0,0.05744833,-0.2201433,3,27,9,17,42,410000
"2019-03-27 07:32:35",18287,100285,0.3,12.59,39,3.4486,-108,-13.2075,2,9,0.9,3051.9,0,0.05747666,-0.220125,3,27,9,17,57,370000
"2019-03-27 07:32:35.75",18288,100286,0.3,12.59,39,3.4503,-108,-13.2058,2,9,0.9,3051.8,0,0.057505,-0.2200967,3,27,9,18,22,70000
"2019-03-27 07:32:36.25",18289,100287,0.3,12.59,39,3.4511,-108,-13.2035,2,9,0.9,3051.6,0,0.05751834,-0.2200583,3,27,9,18,41,310000
"2019-03-27 07:32:37",18290,100288,0.3,12.59,39,3.4527,-108,-13.2009,2,9,0.9,3052.7,0,0.057545,-0.220015,3,27,9,18,58,150000
"2019-03-27 07:32:37.75",18291,100289,0.3,12.59,39,3.4543,-108,-13.1995,2,9,0.9,3053,0,0.05757166,-0.2199917,3,27,9,19,19,680000
"2019-03-27 07:32:38.5",18292,100290,0.3,12.59,39,3.4552,-108,-13.1975,2,9,0.9,3054.2,0,0.05758667,-0.2199583,3,27,9,19,33,790000
"2019-03-27 07:32:39.25",18293,100291,0.3,12.59,39,3.457,-108,-13.196,2,9,0.9,3053.3,0,0.05761666,-0.2199333,3,27,9,19,53,660000
"2019-03-27 07:32:40",18294,100292,0.3,12.59,39,3.4578,-108,-13.1942,2,9,0.9,3053.7,0,0.05763,-0.2199033,3,27,9,20,10,40000
"2019-03-27 07:32:40.75",18295,100293,0.3,12.59,39,3.4591,-108,-13.1921,2,9,0.9,3054,0,0.05765166,-0.2198683,3,27,9,20,25,380000
"2019-03-27 07:32:41.5",18296,100294,0.3,12.59,39,3.46,-108,-13.1902,2,9,0.9,3053.6,0,0.05766667,-0.2198367,3,27,9,20,43,280000
"2019-03-27 07:32:42.25",18297,100295,0.3,12.59,39,3.4615,-108,-13.1886,2,9,0.9,3053.2,0,0.05769167,-0.21981,3,27,9,20,58,760000
"2019-03-27 07:32:43",18298,100296,0.3,12.59,39,3.4633,-108,-13.1869,2,9,0.9,3053,0,0.05772167,-0.2197817,3,27,9,21,18,340000
"2019-03-27 07:32:43.75",18299,100297,0.3,12.58,39,3.4644,-108,-13.1853,2,9,0.9,3051.9,0,0.05774,-0.219755,3,27,9,23,10,940000
"2019-03-27 07:32:44.5",18300,100298,0.3,12.58,39,3.4656,-108,-13.1836,2,9,0.9,3052,0,0.05776,-0.2197267,3,27,9,23,26,380000
"2019-03-27 07:32:45.25",18301,100299,0.3,12.59,39,3.467,-108,-13.1827,2,9,0.9,3052.1,0,0.05778333,-0.2197117,3,27,9,23,38,980000
"2019-03-27 07:32:46",18302,100300,0.3,12.58,39,3.4685,-108,-13.1814,2,9,0.9,3052.5,0,0.05780833,-0.21969,3,27,9,23,51,450000
"2019-03-27 07:32:46.75",18303,100301,0.3,12.58,39,3.4691,-108,-13.1801,2,9,0.9,3052.8,0,0.05781834,-0.2196683,3,27,9,24,2,410000
"2019-03-27 07:32:47.5",18304,100302,0.3,12.58,39,3.4702,-108,-13.1784,2,9,0.9,3052.7,0,0.05783667,-0.21964,3,27,9,24,15,920000
"2019-03-27 07:32:48.25",18305,100303,0.3,12.58,39,3.4717,-108,-13.176,2,9,0.9,3052.8,0,0.05786167,-0.2196,3,27,9,24,28,270000
"2019-03-27 07:32:49",18306,100304,0.3,12.58,39,3.4729,-108,-13.1744,2,9,0.9,3053.6,0,0.05788166,-0.2195733,3,27,9,24,41,660000
"2019-03-27 07:32:49.75",18307,100305,0.3,12.58,39,3.4743,-108,-13.1716,2,9,0.9,3054.6,0,0.057905,-0.2195267,3,27,9,24,57,450000
"2019-03-27 07:32:50.5",18308,100306,0.3,12.58,39,3.4762,-108,-13.1703,2,9,0.9,3054.2,0,0.05793667,-0.219505,3,27,9,25,11,650000
"2019-03-27 07:32:51.25",18309,100307,0.3,12.58,39,3.4774,-108,-13.168,2,9,0.9,3053.1,0,0.05795667,-0.2194667,3,27,9,25,26,280000
"2019-03-27 07:32:52",18310,100308,0.3,12.58,39,3.4788,-108,-13.1666,2,9,0.9,3053.9,0,0.05798,-0.2194433,3,27,9,25,40,250000
"2019-03-27 07:32:52.75",18311,100309,0.3,12.58,39,3.4802,-108,-13.1651,2,9,0.9,3053.9,0,0.05800333,-0.2194183,3,27,9,25,53,600000
"2019-03-27 07:32:53.5",18312,100310,0.3,12.58,39,3.4816,-108,-13.163,2,9,0.9,3053.8,0,0.05802667,-0.2193833,3,27,9,26,7.00000,490000
"2019-03-27 07:32:54.25",18313,100311,0.3,12.58,39,3.4831,-108,-13.1608,2,9,0.9,3053.1,0,0.05805166,-0.2193467,3,27,9,26,20,990000
"2019-03-27 07:32:55",18314,100312,0.3,12.58,39,3.4838,-108,-13.1593,2,9,0.9,3052.5,0,0.05806333,-0.2193217,3,27,9,26,36,190000
"2019-03-27 07:32:55.75",18315,100313,0.3,12.58,39,3.4846,-108,-13.1574,2,9,0.9,3052.1,0,0.05807667,-0.21929,3,27,9,26,54,380000
"2019-03-27 07:32:56.5",18316,100314,0.3,12.58,39,3.4855,-108,-13.1563,2,9,0.9,3052.7,0,0.05809167,-0.2192717,3,27,9,27,9,580000
"2019-03-27 07:32:57.25",18317,100315,0.3,12.58,39,3.4869,-108,-13.1539,2,9,0.9,3052,0,0.058115,-0.2192317,3,27,9,27,23,870000
"2019-03-27 07:32:58",18318,100316,0.3,12.58,39,3.4881,-108,-13.1518,2,9,0.9,3051.7,0,0.058135,-0.2191967,3,27,9,27,41,540000
"2019-03-27 07:32:58.75",18319,100317,0.3,12.58,39,3.4892,-108,-13.1504,2,9,0.9,3051.7,0,0.05815334,-0.2191733,3,27,9,27,59,980000
"2019-03-27 07:32:59.5",18320,100318,0.3,12.58,39,3.4906,-108,-13.1486,2,9,0.9,3050.9,0,0.05817667,-0.2191433,3,27,9,28,14,780000
"2019-03-27 07:33:00.25",18321,100319,0.3,12.58,39,3.4923,-108,-13.1469,2,9,0.9,3050.7,0,0.058205,-0.219115,3,27,9,28,31,170000
"2019-03-27 07:33:01",18322,100320,0.3,12.58,39,3.4931,-108,-13.1445,2,9,0.9,3050.6,0,0.05821833,-0.219075,3,27,9,28,57,840000
"2019-03-27 07:33:01.5",18323,100321,0.3,12.58,39,3.4941,-108,-13.1426,2,9,0.9,3051,0,0.058235,-0.2190433,3,27,9,29,13,310000
"2019-03-27 07:33:02.25",18324,100322,0.3,12.58,39,3.4955,-108,-13.1404,2,9,0.9,3051.2,0,0.05825834,-0.2190067,3,27,9,29,25,900000
"2019-03-27 07:33:03",18325,100323,0.3,12.58,39,3.4972,-108,-13.1389,2,9,0.9,3052.1,0,0.05828667,-0.2189817,3,27,9,29,44,140000
"2019-03-27 07:33:03.75",18326,100324,0.3,12.58,39,3.4984,-108,-13.1359,2,9,0.9,3051,0,0.05830667,-0.2189317,3,27,9,30,1,910000
"2019-03-27 07:33:04.5",18327,100325,0.3,12.58,39,3.4992,-108,-13.1336,2,9,0.9,3050.7,0,0.05832,-0.2188933,3,27,9,30,15,140000
"2019-03-27 07:33:05.25",18328,100326,0.3,12.57,39,3.5002,-108,-13.1332,2,9,0.9,3051.7,0,0.05833667,-0.2188867,3,27,9,30,33,100000
"2019-03-27 07:33:06",18329,100327,0.3,12.58,39,3.5009,-108,-13.1321,2,9,0.9,3051.7,0,0.05834834,-0.2188683,3,27,9,30,44,540000
"2019-03-27 07:33:06.75",18330,100328,0.3,12.57,39,3.5023,-108,-13.1299,2,9,0.9,3051.4,0,0.05837167,-0.2188317,3,27,9,30,58,720000
"2019-03-27 07:33:07.5",18331,100329,0.3,12.57,39,3.5034,-108,-13.1275,2,9,0.9,3051.8,0,0.05839,-0.2187917,3,27,9,31,16,660000
"2019-03-27 07:33:08",18332,100330,0.3,12.57,39,3.5046,-108,-13.1256,2,9,0.9,3051,0,0.05841,-0.21876,3,27,9,31,32,520000
"2019-03-27 07:33:08.75",18333,100331,0.3,12.57,39,3.5066,-108,-13.1238,2,9,0.9,3050.8,0,0.05844333,-0.21873,3,27,9,31,50,430000
"2019-03-27 07:33:09.5",18334,100332,0.3,12.57,39,3.5081,-108,-13.1224,2,9,0.9,3051.5,0,0.05846834,-0.2187067,3,27,9,32,9,310000
"2019-03-27 07:33:10.25",18335,100333,0.3,12.57,39,3.5097,-108,-13.1207,2,9,0.9,3050.9,0,0.058495,-0.2186783,3,27,9,32,36,750000
"2019-03-27 07:33:11",18336,100334,0.3,12.57,39,3.5106,-108,-13.1197,2,9,0.9,3050.5,0,0.05851,-0.2186617,3,27,9,32,58,370000
"2019-03-27 07:33:11.5",18337,100335,0.3,12.57,39,3.512,-108,-13.1183,2,9,0.9,3050.9,0,0.05853333,-0.2186383,3,27,9,33,24,960000
"2019-03-27 07:33:12.5",18338,100336,0.3,12.57,39,3.5133,-108,-13.117,2,9,0.9,3050.9,0,0.058555,-0.2186167,3,27,9,33,55,730000
"2019-03-27 07:33:13",18339,100337,0.3,12.57,39,3.5149,-108,-13.1153,2,9,0.9,3049,0,0.05858166,-0.2185883,3,27,9,34,27,380000
"2019-03-27 07:33:13.75",18340,100338,0.3,12.57,39,3.516,-108,-13.1143,2,9,0.9,3050.6,0,0.0586,-0.2185717,3,27,9,34,54,260000
"2019-03-27 07:33:14.25",18341,100339,0.3,12.57,39,3.5181,-108,-13.1131,2,9,0.9,3049.6,0,0.058635,-0.2185517,3,27,9,35,20,130000
"2019-03-27 07:33:15",18342,100340,0.3,12.57,39,3.5194,-108,-13.1107,2,9,0.9,3049.6,0,0.05865667,-0.2185117,3,27,9,35,51,220000
"2019-03-27 07:33:15.5",18343,100341,0.3,12.57,39,3.5203,-108,-13.1075,2,9,0.9,3050,0,0.05867166,-0.2184583,3,27,9,36,11,850000
"2019-03-27 07:33:16.25",18344,100342,0.3,12.57,39,3.5219,-108,-13.1061,2,9,0.9,3051.3,0,0.05869833,-0.218435,3,27,9,36,41,160000
"2019-03-27 07:33:17",18345,100343,0.3,12.57,39,3.5228,-108,-13.1046,2,9,0.9,3052.3,0,0.05871333,-0.21841,3,27,9,37,1,850000
"2019-03-27 07:33:17.5",18346,100344,0.3,12.57,39,3.5251,-108,-13.103,2,9,0.9,3052.1,0,0.05875166,-0.2183833,3,27,9,37,24,450000
"2019-03-27 07:33:18",18347,100345,0.3,12.56,39,3.5251,-108,-13.1028,2,9,0.9,3051.2,0,0.05875166,-0.21838,3,27,9,37,57,940000
"2019-03-27 07:33:18.75",18348,100346,0.3,12.57,39,3.526,-108,-13.1007,2,9,0.9,3051.5,0,0.05876667,-0.218345,3,27,9,38,15,550000
"2019-03-27 07:33:19.25",18349,100347,0.3,12.56,39,3.5271,-108,-13.0992,2,9,0.9,3050.6,0,0.058785,-0.21832,3,27,9,38,37,60000
"2019-03-27 07:33:20",18350,100348,0.3,12.56,39,3.5285,-108,-13.0976,2,9,0.9,3051.3,0,0.05880834,-0.2182933,3,27,9,38,52,30000
"2019-03-27 07:33:20.5",18351,100349,0.3,12.56,39,3.5294,-108,-13.0958,2,9,0.9,3051.4,0,0.05882334,-0.2182633,3,27,9,39,6,90000
"2019-03-27 07:33:21.25",18352,100350,0.3,12.56,39,3.5306,-108,-13.094,2,9,0.9,3051.5,0,0.05884333,-0.2182333,3,27,9,39,18,100000
"2019-03-27 07:33:22",18353,100351,0.3,12.56,39,3.5312,-108,-13.092,2,9,0.9,3051.9,0,0.05885333,-0.2182,3,27,9,39,30,830000
"2019-03-27 07:33:22.75",18354,100352,0.3,12.56,39,3.5327,-108,-13.0897,2,9,0.9,3052.1,0,0.05887834,-0.2181617,3,27,9,39,46,140000
"2019-03-27 07:33:23.5",18355,100353,0.3,12.56,39,3.5339,-108,-13.0876,2,9,0.9,3051.7,0,0.05889833,-0.2181267,3,27,9,40,2,980000
"2019-03-27 07:33:24.25",18356,100354,0.3,12.56,39,3.5356,-108,-13.0855,2,9,0.9,3052.1,0,0.05892666,-0.2180917,3,27,9,40,18,600000
"2019-03-27 07:33:25",18357,100355,0.3,12.56,39,3.5369,-108,-13.0832,2,9,0.9,3051,0,0.05894834,-0.2180533,3,27,9,40,33,90000
"2019-03-27 07:33:25.5",18358,100356,0.3,12.56,39,3.5379,-108,-13.0814,2,9,0.9,3051.9,0,0.058965,-0.2180233,3,27,9,40,44,640000
"2019-03-27 07:33:26.25",18359,100357,0.3,12.56,39,3.5387,-108,-13.0795,2,9,0.9,3051.5,0,0.05897834,-0.2179917,3,27,9,40,59,680000
"2019-03-27 07:33:27",18360,100358,0.3,12.56,39,3.5403,-108,-13.0793,2,9,0.9,3050.8,0,0.059005,-0.2179883,3,27,9,41,51,860000
"2019-03-27 07:33:27.5",18361,100359,0.3,12.56,39,3.5409,-108,-13.0772,2,9,0.9,3051.2,0,0.059015,-0.2179533,3,27,9,42,3,510000
"2019-03-27 07:33:28.25",18362,100360,0.3,12.56,39,3.5422,-108,-13.0751,2,9,0.9,3051.1,0,0.05903667,-0.2179183,3,27,9,42,21,520000
"2019-03-27 07:33:29",18363,100361,0.3,12.56,39,3.5441,-108,-13.0728,2,9,0.9,3051.7,0,0.05906833,-0.21788,3,27,9,42,35,780000
"2019-03-27 07:33:29.75",18364,100362,0.3,12.55,39,3.5464,-108,-13.0695,2,9,0.9,3053.2,0,0.05910667,-0.217825,3,27,9,42,56,370000
"2019-03-27 07:33:30.25",18365,100363,0.3,12.56,39,3.5482,-108,-13.0676,2,9,0.9,3053.1,0,0.05913667,-0.2177933,3,27,9,43,18,780000
"2019-03-27 07:33:31",18366,100364,0.3,12.55,39,3.5499,-108,-13.0652,2,9,0.9,3053.3,0,0.059165,-0.2177533,3,27,9,43,38,960000
"2019-03-27 07:33:31.75",18367,100365,0.3,12.55,39,3.5516,-108,-13.0635,2,9,0.9,3053.5,0,0.05919333,-0.217725,3,27,9,43,55,0
"2019-03-27 07:33:32.5",18368,100366,0.3,12.55,39,3.5533,-108,-13.0617,2,9,0.9,3052.9,0,0.05922167,-0.217695,3,27,9,44,11,40000
"2019-03-27 07:33:33.25",18369,100367,0.3,12.55,39,3.5541,-108,-13.0599,2,9,0.9,3052.8,0,0.059235,-0.217665,3,27,9,44,23,550000
"2019-03-27 07:33:34",18370,100368,0.3,12.55,39,3.5551,-108,-13.0582,2,9,0.9,3052.1,0,0.05925167,-0.2176367,3,27,9,44,39,760000
"2019-03-27 07:33:34.75",18371,100369,0.3,12.55,39,3.5567,-108,-13.0572,2,9,0.9,3052.4,0,0.05927833,-0.21762,3,27,9,44,54,20000
"2019-03-27 07:33:35.5",18372,100370,0.3,12.55,39,3.5577,-108,-13.0553,2,9,0.9,3052.7,0,0.059295,-0.2175883,3,27,9,45,11,470000
"2019-03-27 07:33:36",18373,100371,0.3,12.55,39,3.559,-108,-13.053,2,9,0.9,3052.5,0,0.05931667,-0.21755,3,27,9,45,29,780000
"2019-03-27 07:33:36.75",18374,100372,0.3,12.55,39,3.5606,-108,-13.0517,2,9,0.9,3052.3,0,0.05934334,-0.2175283,3,27,9,45,44,830000
"2019-03-27 07:33:37.5",18375,100373,0.3,12.55,39,3.5617,-108,-13.0495,2,9,0.9,3051.7,0,0.05936167,-0.2174917,3,27,9,45,58,350000
"2019-03-27 07:33:38.25",18376,100374,0.3,12.55,39,3.5629,-108,-13.0493,2,9,0.9,3052.1,0,0.05938167,-0.2174883,3,27,9,46,16,340000
"2019-03-27 07:33:38.75",18377,100375,0.3,12.55,39,3.5635,-108,-13.0475,2,9,0.9,3051.4,0,0.05939167,-0.2174583,3,27,9,46,32,40000
"2019-03-27 07:33:39.25",18378,100376,0.3,12.55,39,3.5651,-108,-13.046,2,9,0.9,3051.6,0,0.05941833,-0.2174333,3,27,9,46,44,760000
"2019-03-27 07:33:40",18379,100377,0.3,12.55,39,3.5661,-108,-13.0439,2,9,0.9,3051.5,0,0.059435,-0.2173983,3,27,9,46,59,260000
"2019-03-27 07:33:40.75",18380,100378,0.3,12.55,39,3.5672,-108,-13.0427,2,9,0.9,3052,0,0.05945333,-0.2173783,3,27,9,47,12,930000
"2019-03-27 07:33:41.5",18381,100379,0.3,12.55,39,3.5684,-108,-13.0411,2,9,0.9,3051.1,0,0.05947333,-0.2173517,3,27,9,47,25,800000
"2019-03-27 07:33:42.25",18382,100380,0.3,12.55,39,3.5705,-108,-13.0391,2,9,0.9,3051.4,0,0.05950833,-0.2173183,3,27,9,47,46,830000
"2019-03-27 07:33:42.75",18383,100381,0.3,12.55,39,3.5715,-108,-13.0367,2,9,0.9,3052.1,0,0.059525,-0.2172783,3,27,9,48,2,580000
"2019-03-27 07:33:43.5",18384,100382,0.3,12.55,39,3.5728,-108,-13.035,2,9,0.9,3052.6,0,0.05954666,-0.21725,3,27,9,48,22,30000
"2019-03-27 07:33:44",18385,100383,0.3,12.55,39,3.5742,-108,-13.0331,2,8,1.1,3053.2,0,0.05957,-0.2172183,3,27,9,48,42,610000
"2019-03-27 07:33:44.75",18386,100384,0.3,12.55,39,3.5765,-108,-13.0316,2,9,0.9,3053.1,0,0.05960833,-0.2171933,3,27,9,48,58,750000
"2019-03-27 07:33:45.25",18387,100385,0.3,12.55,39,3.5776,-108,-13.0298,2,9,0.9,3053.4,0,0.05962666,-0.2171633,3,27,9,49,13,210000
"2019-03-27 07:33:46",18388,100386,0.3,12.55,39,3.5785,-108,-13.028,2,9,0.9,3053.7,0,0.05964167,-0.2171333,3,27,9,49,29,510000
"2019-03-27 07:33:46.75",18389,100387,0.3,12.55,39,3.5795,-108,-13.0263,2,9,0.9,3054.2,0,0.05965833,-0.217105,3,27,9,49,46,160000
"2019-03-27 07:33:47.5",18390,100388,0.3,12.55,39,3.5805,-108,-13.0245,2,9,0.9,3054,0,0.059675,-0.217075,3,27,9,50,0,30000
"2019-03-27 07:33:48.25",18391,100389,0.3,12.54,39,3.5822,-108,-13.0231,2,9,0.9,3054,0,0.05970334,-0.2170517,3,27,9,50,14,720000
"2019-03-27 07:33:49",18392,100390,0.3,12.55,39,3.583,-108,-13.0206,2,9,0.9,3054.1,0,0.05971666,-0.21701,3,27,9,50,29,240000
"2019-03-27 07:33:49.75",18393,100391,0.3,12.54,39,3.5838,-108,-13.0188,2,9,0.9,3054.1,0,0.05973,-0.21698,3,27,9,50,42,600000
"2019-03-27 07:33:50.5",18394,100392,0.3,12.54,39,3.5849,-108,-13.0176,2,9,0.9,3053.1,0,0.05974833,-0.21696,3,27,9,50,55,580000
"2019-03-27 07:33:51.25",18395,100393,0.3,12.54,39,3.5858,-108,-13.0157,2,9,0.9,3052.3,0,0.05976333,-0.2169283,3,27,9,51,8,740000
"2019-03-27 07:33:52",18396,100394,0.3,12.51,39,3.4801,-108,-13.0127,2,10,0.8,3040,0,0.05800166,-0.2168783,3,27,11,10,40,180000
"2019-03-27 11:09:47.25",18397,100395,0.242,12.47,39,3.4767,-108,-13.0126,1,9,0.9,3035.7,-0.004,0.057945,-0.2168767,3,27,11,10,8,890000
"2019-03-27 11:16:02.25",18398,100396,0.3,12.47,39,3.4764,-108,-13.0123,1,9,0.9,3035.7,0,0.05794,-0.2168717,3,27,11,16,2,870000
"2019-03-27 11:16:02.5",18399,100397,0.3,12.46,39,3.474,-108,-13.0152,1,9,0.9,3035.2,0,0.0579,-0.21692,3,27,11,16,38,180000
"2019-03-27 11:16:03.25",18400,100398,0.3,12.46,39,3.473,-108,-13.0168,1,9,0.9,3035.1,0,0.05788333,-0.2169467,3,27,11,16,51,730000
"2019-03-27 11:16:03.75",18401,100399,0.3,12.46,39,3.4716,-108,-13.0194,1,9,0.9,3034.2,0,0.05786,-0.21699,3,27,11,17,3,180000
"2019-03-27 11:16:04.5",18402,100400,0.3,12.46,39,3.4703,-108,-13.0204,1,9,0.9,3033.8,0,0.05783833,-0.2170067,3,27,11,17,15,190000
"2019-03-27 11:16:05",18403,100401,0.3,12.46,39,3.4698,-108,-13.0211,2,9,0.9,3035,0,0.05783,-0.2170183,3,27,11,17,26,740000
"2019-03-27 11:16:05.5",18404,100402,0.3,12.46,39,3.469,-108,-13.0235,2,9,0.9,3035.1,0,0.05781667,-0.2170583,3,27,11,17,42,780000
"2019-03-27 11:16:06.25",18405,100403,0.3,12.46,39,3.4673,-108,-13.0252,2,9,0.9,3035.5,0,0.05778833,-0.2170867,3,27,11,17,57,120000
"2019-03-27 11:16:06.75",18406,100404,0.242,12.46,39,3.4667,-108,-13.0258,2,9,0.9,3036.5,-0.004,0.05777834,-0.2170967,3,27,11,18,10,440000
"2019-03-27 11:16:07.25",18407,100405,0.3,12.46,39,3.4654,-108,-13.0283,2,9,0.9,3034.5,0,0.05775667,-0.2171383,3,27,11,18,25,660000
"2019-03-27 11:16:07.75",18408,100406,0.3,12.46,39,3.4638,-108,-13.0298,2,8,1,3034.6,0,0.05773,-0.2171633,3,27,11,18,41,870000
"2019-03-27 11:16:08.5",18409,100407,0.3,12.46,39,3.4629,-108,-13.0319,2,9,0.9,3034.9,0,0.057715,-0.2171983,3,27,11,18,54,970000
"2019-03-27 11:16:09.25",18410,100408,0.3,12.46,39,3.4619,-108,-13.0339,2,9,0.9,3035.8,0,0.05769833,-0.2172317,3,27,11,19,10,900000
"2019-03-27 11:16:09.75",18411,100409,0.3,12.46,39,3.4606,-108,-13.0355,2,9,0.9,3037.1,0,0.05767666,-0.2172583,3,27,11,19,31,80000
"2019-03-27 11:16:10.25",18412,100410,0.3,12.46,39,3.4597,-108,-13.0367,2,9,0.9,3036,0,0.05766167,-0.2172783,3,27,11,19,45,460000
"2019-03-27 11:16:11",18413,100411,0.3,12.46,39,3.4583,-108,-13.0385,2,9,0.9,3035.8,0,0.05763834,-0.2173083,3,27,11,19,59,230000
"2019-03-27 11:16:11.75",18414,100412,0.3,12.45,39,3.4568,-108,-13.0413,2,9,0.9,3035,0,0.05761333,-0.217355,3,27,11,22,4,40000
"2019-03-27 11:16:12.5",18415,100413,0.3,12.45,39,3.456,-108,-13.0432,2,9,0.9,3034.8,0,0.0576,-0.2173867,3,27,11,22,21,320000
"2019-03-27 11:16:13",18416,100414,0.3,12.45,39,3.4531,-108,-13.0448,2,9,0.9,3034,0,0.05755167,-0.2174133,3,27,11,22,36,540000
"2019-03-27 11:16:13.75",18417,100415,0.3,12.45,39,3.4521,-108,-13.0464,2,9,0.9,3034.2,0,0.057535,-0.21744,3,27,11,22,56,500000
"2019-03-27 11:16:14.25",18418,100416,0.3,12.45,39,3.4508,-108,-13.0478,2,9,0.9,3035.5,0,0.05751333,-0.2174633,3,27,11,23,10,190000
"2019-03-27 11:16:14.75",18419,100417,0.3,12.45,39,3.45,-108,-13.0494,2,9,0.9,3035.8,0,0.0575,-0.21749,3,27,11,23,25,120000
"2019-03-27 11:16:15.5",18420,100418,0.3,12.45,39,3.4488,-108,-13.0515,2,9,0.9,3035,0,0.05748,-0.217525,3,27,11,23,40,220000
"2019-03-27 11:16:16.25",18421,100419,0.242,12.45,39,3.4477,-108,-13.0535,2,9,0.9,3034.8,-0.004,0.05746167,-0.2175583,3,27,11,23,55,150000
"2019-03-27 11:16:17",18422,100420,0.3,12.45,39,3.4466,-108,-13.0549,2,9,0.9,3035.8,0,0.05744333,-0.2175817,3,27,11,24,8,260000
"2019-03-27 11:16:17.5",18423,100421,0.242,12.45,39,3.4448,-108,-13.0572,2,9,0.9,3037.6,-0.004,0.05741333,-0.21762,3,27,11,24,22,40000
"2019-03-27 11:16:18.25",18424,100422,0.3,12.45,39,3.4442,-108,-13.0577,2,9,0.9,3038,0,0.05740333,-0.2176283,3,27,11,24,35,210000
"2019-03-27 11:16:18.75",18425,100423,0.3,12.45,39,3.4431,-108,-13.0594,2,10,0.9,3038.2,0,0.057385,-0.2176567,3,27,11,24,53,620000
"2019-03-27 11:16:19.5",18426,100424,0.242,12.45,39,3.4422,-108,-13.0615,2,10,0.8,3038.1,-0.004,0.05737,-0.2176917,3,27,11,25,10,410000
"2019-03-27 11:16:20",18427,100425,0.242,12.45,39,3.4409,-108,-13.0631,2,10,0.9,3039.1,-0.004,0.05734833,-0.2177183,3,27,11,25,23,190000
"2019-03-27 11:16:20.75",18428,100426,0.242,12.45,39,3.4392,-108,-13.0657,2,10,0.8,3040.2,-0.004,0.05732,-0.2177617,3,27,11,25,37,410000
"2019-03-27 11:16:21.25",18429,100427,0.3,12.45,39,3.4386,-108,-13.0667,2,10,0.8,3039.4,0,0.05731,-0.2177783,3,27,11,25,52,210000
"2019-03-27 11:16:22",18430,100428,0.242,12.45,39,3.4374,-108,-13.0689,2,10,0.8,3039.7,-0.004,0.05729,-0.217815,3,27,11,26,7.00000,380000
"2019-03-27 11:16:22.5",18431,100429,0.3,12.45,39,3.4365,-108,-13.0694,2,10,0.9,3039.8,0,0.057275,-0.2178233,3,27,11,26,20,730000
"2019-03-27 11:16:23.25",18432,100430,0.242,12.45,39,3.4353,-108,-13.0714,2,10,0.8,3040,-0.004,0.057255,-0.2178567,3,27,11,26,35,960000
"2019-03-27 11:16:23.75",18433,100431,0.242,12.45,39,3.4339,-108,-13.0741,2,10,0.9,3039.1,-0.004,0.05723167,-0.2179017,3,27,11,26,52,580000
"2019-03-27 11:16:24.25",18434,100432,0.242,12.44,39,3.4325,-108,-13.076,2,10,0.9,3039.5,-0.004,0.05720833,-0.2179333,3,27,11,27,7.00000,730000
"2019-03-27 11:16:24.75",18435,100433,0.242,12.44,39,3.4316,-108,-13.077,2,10,0.9,3039.9,-0.004,0.05719334,-0.21795,3,27,11,27,22,170000
"2019-03-27 11:16:25.25",18436,100434,0.3,12.45,39,3.4302,-108,-13.0785,2,10,0.9,3040.6,0,0.05717,-0.217975,3,27,11,27,38,90000
"2019-03-27 11:16:25.75",18437,100435,0.242,12.44,39,3.4292,-108,-13.081,2,10,0.8,3040.1,-0.004,0.05715333,-0.2180167,3,27,11,27,52,720000
"2019-03-27 11:16:26.25",18438,100436,0.3,12.44,39,3.4279,-108,-13.0817,2,9,0.9,3040.4,0,0.05713167,-0.2180283,3,27,11,28,19,810000
"2019-03-27 11:16:27",18439,100437,0.3,12.44,39,3.4273,-108,-13.0831,2,10,0.9,3038.7,0,0.05712167,-0.2180517,3,27,11,28,41,0
"2019-03-27 11:16:27.75",18440,100438,0.3,12.44,39,3.426,-108,-13.085,2,10,0.9,3040.3,0,0.0571,-0.2180833,3,27,11,28,55,250000
"2019-03-27 11:16:28.25",18441,100439,0.242,12.44,39,3.4251,-108,-13.0863,2,10,0.9,3040.4,-0.004,0.057085,-0.218105,3,27,11,29,10,70000
"2019-03-27 11:16:28.75",18442,100440,0.185,12.44,39,3.4242,-108,-13.0875,2,10,0.9,3040.6,-0.007,0.05707,-0.218125,3,27,11,29,24,190000
"2019-03-27 11:16:29.25",18443,100441,0.3,12.44,39,3.4229,-108,-13.0895,2,9,0.9,3040.6,0,0.05704833,-0.2181583,3,27,11,29,42,670000
"2019-03-27 11:16:29.75",18444,100442,0.242,12.44,39,3.4223,-108,-13.0903,2,9,0.9,3041,-0.004,0.05703833,-0.2181717,3,27,11,29,56,330000
"2019-03-27 11:16:30.5",18445,100443,0.242,12.44,39,3.4214,-108,-13.0915,2,10,0.8,3040.7,-0.004,0.05702334,-0.2181917,3,27,11,30,10,110000
"2019-03-27 11:16:31",18446,100444,0.3,12.43,39,3.42,-108,-13.0925,2,10,0.9,3040.9,0,0.057,-0.2182083,3,27,11,30,26,360000
"2019-03-27 11:16:31.5",18447,100445,0.242,12.44,39,3.4183,-108,-13.0962,2,10,0.9,3041.1,-0.004,0.05697166,-0.21827,3,27,11,30,43,240000
"2019-03-27 11:16:32",18448,100446,0.3,12.44,39,3.4177,-108,-13.0967,2,10,0.8,3041.7,0,0.05696167,-0.2182783,3,27,11,30,59,190000
"2019-03-27 11:16:32.5",18449,100447,0.3,12.45,39,3.4169,-108,-13.0989,2,10,0.8,3041.3,0,0.05694833,-0.218315,3,27,11,31,13,940000
"2019-03-27 11:16:33",18450,100448,0.3,12.44,39,3.4158,-108,-13.1003,2,9,0.9,3040.5,0,0.05693,-0.2183383,3,27,11,31,29,870000
"2019-03-27 11:16:33.5",18451,100449,0.3,12.44,39,3.4152,-108,-13.1015,2,10,0.9,3040,0,0.05692,-0.2183583,3,27,11,31,46,50000
"2019-03-27 11:16:34.25",18452,100450,0.3,12.44,39,3.4141,-108,-13.104,2,10,0.9,3040.3,0,0.05690167,-0.2184,3,27,11,32,1,370000
"2019-03-27 11:16:34.75",18453,100451,0.3,12.44,39,3.4124,-108,-13.1065,2,10,0.8,3040.6,0,0.05687333,-0.2184417,3,27,11,32,16,910000
"2019-03-27 11:16:35.5",18454,100452,0.3,12.44,39,3.4111,-108,-13.1083,2,11,0.8,3041.2,0,0.05685167,-0.2184717,3,27,11,32,32,80000
"2019-03-27 11:16:36.25",18455,100453,0.3,12.44,39,3.4101,-108,-13.1094,2,11,0.8,3040.9,0,0.056835,-0.21849,3,27,11,32,47,800000
"2019-03-27 11:16:37",18456,100454,0.3,12.45,39,3.4092,-108,-13.1111,2,11,0.8,3040.6,0,0.05682,-0.2185183,3,27,11,33,1,630000
"2019-03-27 11:16:37.5",18457,100455,0.3,12.44,39,3.4078,-108,-13.1117,2,11,0.8,3039.9,0,0.05679667,-0.2185283,3,27,11,33,20,820000
"2019-03-27 11:16:38",18458,100456,0.3,12.44,39,3.4066,-108,-13.114,2,11,0.8,3038.9,0,0.05677666,-0.2185667,3,27,11,33,40,910000
"2019-03-27 11:16:38.5",18459,100457,0.3,12.44,39,3.406,-108,-13.1159,2,11,0.8,3038.5,0,0.05676667,-0.2185983,3,27,11,34,28,860000
"2019-03-27 11:16:39",18460,100458,0.3,12.44,39,3.4047,-108,-13.1176,2,11,0.8,3037.9,0,0.056745,-0.2186267,3,27,11,34,42,10000
"2019-03-27 11:16:39.75",18461,100459,0.3,12.44,39,3.4041,-108,-13.118,2,10,0.8,3037.6,0,0.056735,-0.2186333,3,27,11,34,59,850000
"2019-03-27 11:16:40.25",18462,100460,0.3,12.44,39,3.4032,-108,-13.1197,2,11,0.8,3037.9,0,0.05672,-0.2186617,3,27,11,35,24,250000
"2019-03-27 11:16:41",18463,100461,0.3,12.44,39,3.4018,-108,-13.1218,2,11,0.8,3037.7,0,0.05669666,-0.2186967,3,27,11,35,38,160000
"2019-03-27 11:16:41.75",18464,100462,0.3,12.44,39,3.4005,-108,-13.1235,2,10,0.8,3037.4,0,0.056675,-0.218725,3,27,11,35,55,190000
"2019-03-27 11:16:42.25",18465,100463,0.3,12.44,39,3.3999,-108,-13.1241,2,11,0.8,3037.1,0,0.056665,-0.218735,3,27,11,36,8,170000
"2019-03-27 11:16:43",18466,100464,0.3,12.44,39,3.3982,-108,-13.127,2,10,0.8,3037.1,0,0.05663667,-0.2187833,3,27,11,36,26,450000
"2019-03-27 11:16:43.75",18467,100465,0.3,12.44,39,3.3975,-108,-13.1277,2,11,0.8,3037.8,0,0.056625,-0.218795,3,27,11,36,43,140000
"2019-03-27 11:16:44.5",18468,100466,0.3,12.44,39,3.3958,-108,-13.1296,2,10,0.8,3037.2,0,0.05659667,-0.2188267,3,27,11,37,0,760000
"2019-03-27 11:16:45",18469,100467,0.3,12.44,39,3.3946,-108,-13.1303,2,11,0.8,3037.5,0,0.05657666,-0.2188383,3,27,11,37,16,900000
"2019-03-27 11:16:45.75",18470,100468,0.3,12.44,39,3.3934,-108,-13.1322,2,10,0.8,3037.5,0,0.05655666,-0.21887,3,27,11,37,32,820000
"2019-03-27 11:16:46.75",18471,100469,0.3,12.44,39,3.3914,-108,-13.1336,2,11,0.8,3036.2,0,0.05652334,-0.2188933,3,27,11,38,1,810000
"2019-03-27 11:16:47.25",18472,100470,0.3,12.44,39,3.3908,-108,-13.1356,2,11,0.8,3036.3,0,0.05651333,-0.2189267,3,27,11,38,20,810000
"2019-03-27 11:16:47.75",18473,100471,0.3,12.43,39,3.3899,-108,-13.1368,2,11,0.8,3036.5,0,0.05649833,-0.2189467,3,27,11,38,36,730000
"2019-03-27 11:16:48.25",18474,100472,0.3,12.44,39,3.3881,-108,-13.1382,2,11,0.8,3036.2,0,0.05646833,-0.21897,3,27,11,38,52,800000
"2019-03-27 11:16:49",18475,100473,0.3,12.44,39,3.3862,-108,-13.1397,2,10,0.8,3036,0,0.05643666,-0.218995,3,27,11,39,9,440000
"2019-03-27 11:16:49.5",18476,100474,0.3,12.43,39,3.3856,-108,-13.141,2,10,0.8,3035.6,0,0.05642667,-0.2190167,3,27,11,39,24,0
"2019-03-27 11:16:50.25",18477,100475,0.3,12.44,39,3.385,-108,-13.1416,2,10,0.8,3037.9,0,0.05641667,-0.2190267,3,27,11,39,48,590000
"2019-03-27 11:16:50.75",18478,100476,0.3,12.43,39,3.3836,-108,-13.1435,2,10,0.8,3038.6,0,0.05639333,-0.2190583,3,27,11,40,8,0
"2019-03-27 11:16:51.25",18479,100477,0.3,12.44,39,3.3817,-108,-13.1445,2,11,0.8,3038.9,0,0.05636167,-0.219075,3,27,11,40,27,310000
"2019-03-27 11:16:52",18480,100478,0.3,12.43,39,3.38,-108,-13.1461,2,11,0.8,3039.3,0,0.05633334,-0.2191017,3,27,11,40,47,890000
"2019-03-27 11:16:52.75",18481,100479,0.3,12.43,39,3.3783,-108,-13.1486,2,11,0.8,3039.1,0,0.056305,-0.2191433,3,27,11,43,9,690000
"2019-03-27 11:16:53.5",18482,100480,0.3,12.43,39,3.3777,-108,-13.1494,2,11,0.8,3036.8,0,0.056295,-0.2191567,3,27,11,43,25,30000
"2019-03-27 11:16:54.25",18483,100481,0.3,12.43,39,3.3764,-108,-13.1511,2,11,0.8,3036.6,0,0.05627333,-0.219185,3,27,11,43,40,340000
"2019-03-27 11:16:54.75",18484,100482,0.3,12.43,39,3.3755,-108,-13.1531,2,11,0.8,3037.1,0,0.05625833,-0.2192183,3,27,11,43,54,160000
"2019-03-27 11:16:55.25",18485,100483,0.3,12.43,39,3.3744,-108,-13.1548,2,11,0.8,3037,0,0.05624,-0.2192467,3,27,11,44,10,350000
"2019-03-27 11:16:56",18486,100484,0.3,12.43,39,3.3725,-108,-13.156,2,11,0.8,3036.8,0,0.05620833,-0.2192667,3,27,11,44,38,910000
"2019-03-27 11:16:56.5",18487,100485,0.3,12.43,39,3.3713,-108,-13.1582,2,11,0.8,3036.8,0,0.05618833,-0.2193033,3,27,11,44,55,370000
"2019-03-27 11:16:57.25",18488,100486,0.3,12.43,39,3.3699,-108,-13.16,2,11,0.8,3037.8,0,0.056165,-0.2193333,3,27,11,45,11,340000
"2019-03-27 11:16:58",18489,100487,0.3,12.43,39,3.3689,-108,-13.1609,2,11,0.8,3038.8,0,0.05614834,-0.2193483,3,27,11,45,24,530000
"2019-03-27 11:16:58.75",18490,100488,0.3,12.43,39,3.3678,-108,-13.163,2,10,0.8,3038.5,0,0.05613,-0.2193833,3,27,11,45,36,370000
"2019-03-27 11:16:59.5",18491,100489,0.3,12.43,39,3.3662,-108,-13.1652,2,11,0.8,3038.3,0,0.05610333,-0.21942,3,27,11,45,51,700000
"2019-03-27 11:17:00",18492,100490,0.3,12.43,39,3.3655,-108,-13.1658,2,10,0.8,3037.4,0,0.05609167,-0.21943,3,27,11,46,6,800000
"2019-03-27 11:17:00.75",18493,100491,0.3,12.43,39,3.3631,-108,-13.1679,2,10,0.8,3039,0,0.05605167,-0.219465,3,27,11,46,19,390000
"2019-03-27 11:17:01.25",18494,100492,0.3,12.43,39,3.3621,-108,-13.1689,2,10,0.8,3040.2,0,0.056035,-0.2194817,3,27,11,46,33,720000
"2019-03-27 11:17:02",18495,100493,0.3,12.43,39,3.3609,-108,-13.1703,2,10,0.8,3040.8,0,0.056015,-0.219505,3,27,11,46,48,900000
"2019-03-27 11:17:02.75",18496,100494,0.3,12.43,39,3.359,-108,-13.1726,2,10,0.8,3039.6,0,0.05598333,-0.2195433,3,27,11,47,8,540000
"2019-03-27 11:17:03.5",18497,100495,0.3,12.43,39,3.3581,-108,-13.1734,2,10,0.8,3039.1,0,0.05596833,-0.2195567,3,27,11,48,11,500000
"2019-03-27 11:17:04",18498,100496,0.3,12.43,39,3.3562,-108,-13.1752,2,10,0.8,3038.8,0,0.05593667,-0.2195867,3,27,11,48,30,40000
"2019-03-27 11:17:04.5",18499,100497,0.3,12.43,39,3.3551,-108,-13.1772,2,10,0.8,3038.6,0,0.05591833,-0.21962,3,27,11,48,46,110000
"2019-03-27 11:17:05",18500,100498,0.3,12.43,39,3.3534,-108,-13.179,2,10,0.8,3038.5,0,0.05589,-0.21965,3,27,11,49,7.00000,830000
"2019-03-27 11:17:05.5",18501,100499,0.3,12.43,39,3.3522,-108,-13.182,2,10,0.8,3039.8,0,0.05587,-0.2197,3,27,11,49,30,580000
"2019-03-27 11:17:06",18502,100500,0.3,12.43,39,3.3512,-108,-13.1827,2,10,0.8,3039.9,0,0.05585333,-0.2197117,3,27,11,49,47,490000
"2019-03-27 11:17:06.75",18503,100501,0.3,12.43,39,3.3502,-108,-13.1841,2,10,0.8,3040.4,0,0.05583667,-0.219735,3,27,11,50,4,690000
"2019-03-27 11:17:07.5",18504,100502,0.3,12.43,39,3.3485,-108,-13.186,2,10,0.8,3040.4,0,0.05580833,-0.2197667,3,27,11,50,23,50000
"2019-03-27 11:17:08",18505,100503,0.3,12.43,39,3.3468,-108,-13.1867,2,10,0.8,3039.9,0,0.05578,-0.2197783,3,27,11,50,48,270000
"2019-03-27 11:17:08.75",18506,100504,0.3,12.43,39,3.3446,-108,-13.1891,2,10,0.8,3039.6,0,0.05574333,-0.2198183,3,27,11,51,9,580000
"2019-03-27 11:17:09.5",18507,100505,0.3,12.43,39,3.3444,-108,-13.1894,2,10,0.8,3039.2,0,0.05574,-0.2198233,3,27,11,51,33,170000
"2019-03-27 11:17:10",18508,100506,0.3,12.43,39,3.3426,-108,-13.1887,2,9,0.8,3038.9,0,0.05571,-0.2198117,3,27,11,51,56,720000
"2019-03-27 11:17:10.5",18509,100507,0.3,12.43,39,3.3404,-108,-13.1881,2,10,0.8,3039,0,0.05567334,-0.2198017,3,27,11,52,18,540000
"2019-03-27 11:17:11.25",18510,100508,0.3,12.43,39,3.3384,-108,-13.1871,2,10,0.8,3037.5,0,0.05564,-0.219785,3,27,11,52,43,900000
"2019-03-27 11:17:11.75",18511,100509,0.3,12.43,39,3.3375,-108,-13.1853,2,10,0.8,3037.8,0,0.055625,-0.219755,3,27,11,53,12,110000
"2019-03-27 11:17:12.25",18512,100510,0.3,12.43,39,3.3358,-108,-13.1852,2,10,0.8,3037.7,0,0.05559666,-0.2197533,3,27,11,53,57,700000
"2019-03-27 11:17:12.75",18513,100511,0.3,12.43,39,3.3338,-108,-13.1844,2,11,0.8,3036.8,0,0.05556334,-0.21974,3,27,11,54,25,950000
"2019-03-27 11:17:13.5",18514,100512,0.3,12.43,39,3.3328,-108,-13.1833,2,11,0.8,3037.5,0,0.05554666,-0.2197217,3,27,11,54,46,370000
"2019-03-27 11:17:14",18515,100513,0.3,12.43,39,3.3305,-108,-13.1824,2,11,0.8,3037.5,0,0.05550833,-0.2197067,3,27,11,55,0,390000
"2019-03-27 11:17:14.5",18516,100514,0.3,12.43,39,3.3288,-108,-13.1821,2,11,0.8,3037.7,0,0.05548,-0.2197017,3,27,11,55,14,970000
"2019-03-27 11:17:15",18517,100515,0.3,12.43,39,3.3274,-108,-13.1818,2,11,0.8,3037.1,0,0.05545666,-0.2196967,3,27,11,55,31,620000
"2019-03-27 11:17:15.75",18518,100516,0.3,12.43,39,3.3254,-108,-13.1812,2,11,0.8,3037.6,0,0.05542334,-0.2196867,3,27,11,55,45,870000
"2019-03-27 11:17:16.25",18519,100517,0.3,12.43,39,3.3236,-108,-13.1803,2,11,0.8,3036.6,0,0.05539334,-0.2196717,3,27,11,56,1,270000
"2019-03-27 11:17:16.75",18520,100518,0.3,12.43,39,3.3211,-108,-13.1805,2,11,0.8,3036.5,0,0.05535167,-0.219675,3,27,11,56,17,240000
"2019-03-27 11:17:17.25",18521,100519,0.3,12.43,39,3.3196,-108,-13.1796,2,11,0.8,3036.2,0,0.05532667,-0.21966,3,27,11,56,29,360000
"2019-03-27 11:17:17.75",18522,100520,0.3,12.43,39,3.3172,-108,-13.178,2,11,0.8,3036.7,0,0.05528666,-0.2196333,3,27,11,56,45,70000
"2019-03-27 11:17:18.5",18523,100521,0.3,12.43,39,3.3158,-108,-13.1778,2,11,0.8,3035.5,0,0.05526333,-0.21963,3,27,11,57,2,820000
"2019-03-27 11:17:19",18524,100522,0.3,12.43,39,3.3143,-108,-13.1771,2,11,0.8,3035.9,0,0.05523833,-0.2196183,3,27,11,57,18,440000
"2019-03-27 11:17:19.75",18525,100523,0.3,12.43,39,3.3115,-108,-13.1771,2,11,0.8,3035.1,0,0.05519167,-0.2196183,3,27,11,57,35,640000
"2019-03-27 11:17:20.5",18526,100524,0.3,12.43,39,3.3103,-108,-13.1765,2,11,0.8,3035,0,0.05517167,-0.2196083,3,27,11,57,54,320000
"2019-03-27 11:17:21.25",18527,100525,0.3,12.43,39,3.309,-108,-13.1755,2,11,0.8,3033.8,0,0.05515,-0.2195917,3,27,11,58,13,250000
"2019-03-27 11:17:22",18528,100526,0.3,12.43,39,3.3069,-108,-13.1755,2,11,0.8,3034.4,0,0.055115,-0.2195917,3,27,11,58,27,830000
"2019-03-27 11:17:22.75",18529,100527,0.3,12.43,39,3.3054,-108,-13.1744,2,11,0.8,3034,0,0.05509,-0.2195733,3,27,11,58,41,180000
"2019-03-27 11:17:23.5",18530,100528,0.3,12.43,39,3.3038,-108,-13.1745,2,11,0.8,3033.6,0,0.05506333,-0.219575,3,27,11,58,55,100000
"2019-03-27 11:17:24",18531,100529,0.3,12.43,39,3.3027,-108,-13.1741,2,11,0.8,3033.8,0,0.055045,-0.2195683,3,27,11,59,6,130000
"2019-03-27 11:17:24.75",18532,100530,0.3,12.43,39,3.3012,-108,-13.1723,2,11,0.8,3034.1,0,0.05502,-0.2195383,3,27,11,59,22,450000
"2019-03-27 11:17:25.5",18533,100531,0.242,12.43,39,3.2985,-108,-13.1719,2,11,0.8,3032.9,-0.004,0.054975,-0.2195317,3,27,11,59,42,550000
"2019-03-27 11:17:26.25",18534,100532,0.3,12.43,39,3.2972,-108,-13.1714,2,10,0.8,3032.9,0,0.05495333,-0.2195233,3,27,12,0,3,210000
"2019-03-27 11:17:27",18535,100533,0.3,12.43,39,3.2955,-108,-13.1714,2,10,0.8,3033.6,0,0.054925,-0.2195233,3,27,12,0,23,160000
"2019-03-27 11:17:27.75",18536,100534,0.3,12.43,39,3.2934,-108,-13.1702,2,11,0.8,3032.7,0,0.05489,-0.2195033,3,27,12,0,43,270000
"2019-03-27 11:17:28.5",18537,100535,0.3,12.43,39,3.2916,-108,-13.1697,2,11,0.8,3032.4,0,0.05486,-0.219495,3,27,12,1,6,720000
"2019-03-27 11:17:29.25",18538,100536,0.3,12.43,39,3.2898,-108,-13.1694,2,11,0.8,3032.6,0,0.05483,-0.21949,3,27,12,1,25,680000
"2019-03-27 11:17:30",18539,100537,0.3,12.43,39,3.2882,-108,-13.1683,2,11,0.8,3032.7,0,0.05480333,-0.2194717,3,27,12,1,49,950000
"2019-03-27 11:17:30.75",18540,100538,0.3,12.43,39,3.2855,-108,-13.1671,2,11,0.8,3032,0,0.05475833,-0.2194517,3,27,12,2,13,830000
"2019-03-27 11:17:31.75",18541,100539,0.3,12.43,39,3.285,-108,-13.1664,2,10,0.8,3031.6,0,0.05475,-0.21944,3,27,12,2,43,430000
"2019-03-27 11:17:32.5",18542,100540,0.3,12.43,39,3.2862,-108,-13.1648,2,10,0.8,3032.7,0,0.05477,-0.2194133,3,27,12,3,25,200000
"2019-03-27 11:17:33.25",18543,100541,0.3,12.43,39,3.2869,-108,-13.1631,2,10,0.8,3033.7,0,0.05478167,-0.219385,3,27,12,3,41,760000
"2019-03-27 11:17:34",18544,100542,0.3,12.42,39,3.2885,-108,-13.1608,2,10,0.8,3034.7,0,0.05480833,-0.2193467,3,27,12,3,57,890000
"2019-03-27 11:17:34.75",18545,100543,0.242,12.42,39,3.2892,-108,-13.1589,2,10,0.8,3035.1,-0.004,0.05482,-0.219315,3,27,12,4,11,870000
"2019-03-27 11:17:35.5",18546,100544,0.3,12.43,39,3.2901,-108,-13.1571,2,9,0.9,3035.2,0,0.054835,-0.219285,3,27,12,4,25,930000
"2019-03-27 11:17:36.25",18547,100545,0.3,12.43,39,3.2916,-108,-13.1554,2,10,0.8,3034.8,0,0.05486,-0.2192567,3,27,12,4,43,0
"2019-03-27 11:17:37",18548,100546,0.3,12.43,39,3.2923,-108,-13.1538,2,9,0.9,3035.1,0,0.05487167,-0.21923,3,27,12,5,2,30000
"2019-03-27 11:17:37.75",18549,100547,0.3,12.42,39,3.2936,-108,-13.1525,2,10,0.8,3034.3,0,0.05489333,-0.2192083,3,27,12,5,20,980000
"2019-03-27 11:17:38.5",18550,100548,0.3,12.43,39,3.2951,-108,-13.151,2,10,0.8,3033.8,0,0.05491833,-0.2191833,3,27,12,5,37,50000
"2019-03-27 11:17:39",18551,100549,0.3,12.43,39,3.2959,-108,-13.1496,2,10,0.8,3033.5,0,0.05493167,-0.21916,3,27,12,5,52,430000
"2019-03-27 11:17:39.75",18552,100550,0.3,12.43,39,3.2976,-108,-13.1478,2,10,0.8,3033.3,0,0.05496,-0.21913,3,27,12,6,9,350000
"2019-03-27 11:17:40.25",18553,100551,0.3,12.43,39,3.2984,-108,-13.1457,2,10,0.8,3033.6,0,0.05497333,-0.219095,3,27,12,6,23,720000
"2019-03-27 11:17:41",18554,100552,0.3,12.43,39,3.2998,-108,-13.1434,2,10,0.8,3033.2,0,0.05499666,-0.2190567,3,27,12,6,43,20000
"2019-03-27 11:17:41.75",18555,100553,0.3,12.43,39,3.3009,-108,-13.1419,2,10,0.8,3033.9,0,0.055015,-0.2190317,3,27,12,6,58,870000
"2019-03-27 11:17:42.5",18556,100554,0.3,12.42,39,3.3025,-108,-13.1398,2,10,0.8,3034.1,0,0.05504167,-0.2189967,3,27,12,7.00000,22,450000
"2019-03-27 11:17:43.25",18557,100555,0.3,12.42,39,3.3034,-108,-13.1383,2,10,0.8,3034.7,0,0.05505667,-0.2189717,3,27,12,7.00000,40,40000
"2019-03-27 11:17:44",18558,100556,0.3,12.42,39,3.3037,-108,-13.1375,2,10,0.8,3034.2,0,0.05506166,-0.2189583,3,27,12,7.00000,56,350000
"2019-03-27 11:17:44.75",18559,100557,0.3,12.42,39,3.3048,-108,-13.1357,2,10,0.8,3034.9,0,0.05508,-0.2189283,3,27,12,8,14,940000
"2019-03-27 11:17:45.5",18560,100558,0.3,12.42,39,3.3058,-108,-13.1333,2,10,0.8,3035.2,0,0.05509667,-0.2188883,3,27,12,8,33,270000
"2019-03-27 11:17:46.25",18561,100559,0.3,12.42,39,3.3076,-108,-13.1317,2,10,0.8,3035.6,0,0.05512667,-0.2188617,3,27,12,9,1,670000
"2019-03-27 11:17:47",18562,100560,0.3,12.42,39,3.3082,-108,-13.1306,2,10,0.8,3036,0,0.05513666,-0.2188433,3,27,12,9,38,730000
"2019-03-27 11:17:47.75",18563,100561,0.242,12.42,39,3.3092,-108,-13.1285,2,10,0.8,3036.2,-0.004,0.05515333,-0.2188083,3,27,12,9,57,800000
"2019-03-27 11:17:48.5",18564,100562,0.3,12.42,39,3.3106,-108,-13.126,2,10,0.8,3036.8,0,0.05517667,-0.2187667,3,27,12,10,19,820000
"2019-03-27 11:17:49",18565,100563,0.3,12.42,39,3.3119,-108,-13.124,2,10,0.8,3036.8,0,0.05519833,-0.2187333,3,27,12,10,38,50000
"2019-03-27 11:17:49.75",18566,100564,0.3,12.42,39,3.3132,-108,-13.1224,2,10,0.8,3037,0,0.05522,-0.2187067,3,27,12,10,56,970000
"2019-03-27 11:17:50.25",18567,100565,0.3,12.43,39,3.3145,-108,-13.1206,2,10,0.8,3037,0,0.05524167,-0.2186767,3,27,12,11,15,590000
"2019-03-27 11:17:50.75",18568,100566,0.3,12.42,39,3.3157,-108,-13.1191,2,10,0.8,3036.7,0,0.05526167,-0.2186517,3,27,12,11,41,800000
"2019-03-27 11:17:51.5",18569,100567,0.3,12.42,39,3.3169,-108,-13.118,2,11,0.7,3037.8,0,0.05528166,-0.2186333,3,27,12,12,24,500000
"2019-03-27 11:17:52.25",18570,100568,0.3,12.42,39,3.3172,-108,-13.1173,2,11,0.7,3038.3,0,0.05528666,-0.2186217,3,27,12,12,36,810000
"2019-03-27 11:17:52.75",18571,100569,0.3,12.42,39,3.3189,-108,-13.1154,2,11,0.7,3037.5,0,0.055315,-0.21859,3,27,12,12,59,530000
"2019-03-27 11:17:53.5",18572,100570,0.3,12.42,39,3.321,-108,-13.114,2,11,0.7,3037.8,0,0.05535,-0.2185667,3,27,12,13,20,890000
"2019-03-27 11:17:54",18573,100571,0.3,12.42,39,3.322,-108,-13.1126,2,10,0.8,3037,0,0.05536667,-0.2185433,3,27,12,13,38,580000
"2019-03-27 11:17:54.5",18574,100572,0.3,12.42,39,3.3231,-108,-13.1102,2,10,0.8,3037.1,0,0.055385,-0.2185033,3,27,12,14,4,680000
"2019-03-27 11:17:55.25",18575,100573,0.3,12.42,39,3.3249,-108,-13.1083,2,10,0.8,3037.9,0,0.055415,-0.2184717,3,27,12,14,22,800000
"2019-03-27 11:17:56",18576,100574,0.3,12.42,39,3.3263,-108,-13.1062,2,10,0.8,3038.2,0,0.05543833,-0.2184367,3,27,12,14,41,840000
"2019-03-27 11:17:56.5",18577,100575,0.3,12.42,39,3.3278,-108,-13.1035,2,10,0.8,3038.9,0,0.05546333,-0.2183917,3,27,12,15,7.00000,390000
"2019-03-27 11:17:57",18578,100576,0.3,12.42,39,3.3293,-108,-13.1019,2,10,0.8,3038.7,0,0.05548833,-0.218365,3,27,12,15,25,530000
"2019-03-27 11:17:57.5",18579,100577,0.3,12.42,39,3.3302,-108,-13.0997,2,9,1,3039.1,0,0.05550333,-0.2183283,3,27,12,15,43,90000
"2019-03-27 11:17:58",18580,100578,0.3,12.42,39,3.3318,-108,-13.0984,2,9,1,3039.2,0,0.05553,-0.2183067,3,27,12,16,0,20000
"2019-03-27 11:17:58.5",18581,100579,0.3,12.42,39,3.3326,-108,-13.0962,2,9,1,3039.3,0,0.05554334,-0.21827,3,27,12,16,17,660000
"2019-03-27 11:17:59",18582,100580,0.3,12.42,39,3.334,-108,-13.0942,2,9,1,3039.7,0,0.05556667,-0.2182367,3,27,12,16,38,130000
"2019-03-27 11:17:59.5",18583,100581,0.3,12.42,39,3.3349,-108,-13.0935,2,9,1,3040.3,0,0.05558167,-0.218225,3,27,12,16,54,640000
"2019-03-27 11:18:00",18584,100582,0.3,12.42,39,3.3364,-108,-13.091,2,9,1,3040.8,0,0.05560667,-0.2181833,3,27,12,17,10,600000
"2019-03-27 11:18:00.5",18585,100583,0.3,12.42,39,3.338,-108,-13.0903,2,9,1,3040.6,0,0.05563333,-0.2181717,3,27,12,17,29,110000
"2019-03-27 11:18:01",18586,100584,0.3,12.42,39,3.3396,-108,-13.0884,2,9,1,3040.3,0,0.05566,-0.21814,3,27,12,17,46,840000
"2019-03-27 11:18:01.75",18587,100585,0.3,12.42,39,3.3404,-108,-13.0859,2,9,1,3041,0,0.05567334,-0.2180983,3,27,12,18,7.00000,620000
"2019-03-27 11:18:02.25",18588,100586,0.3,12.42,39,3.3423,-108,-13.0837,2,9,1,3041.5,0,0.055705,-0.2180617,3,27,12,18,25,200000
"2019-03-27 11:18:03",18589,100587,0.3,12.42,39,3.3436,-108,-13.0826,2,9,1,3041.1,0,0.05572667,-0.2180433,3,27,12,18,43,390000
"2019-03-27 11:18:03.75",18590,100588,0.3,12.42,39,3.3449,-108,-13.0806,2,9,1,3042.6,0,0.05574833,-0.21801,3,27,12,19,7.00000,520000
"2019-03-27 11:18:04.25",18591,100589,0.3,12.42,39,3.3459,-108,-13.0791,2,9,1,3042.1,0,0.055765,-0.217985,3,27,12,19,23,100000
"2019-03-27 11:18:04.75",18592,100590,0.3,12.42,39,3.3476,-108,-13.0778,2,9,1,3041.8,0,0.05579333,-0.2179633,3,27,12,19,41,200000
"2019-03-27 11:18:05.25",18593,100591,0.3,12.42,39,3.3487,-108,-13.0762,2,9,1,3042.5,0,0.05581166,-0.2179367,3,27,12,19,58,470000
"2019-03-27 11:18:06",18594,100592,0.3,12.42,39,3.3504,-108,-13.0747,2,9,1,3041.9,0,0.05584,-0.2179117,3,27,12,20,16,470000
"2019-03-27 11:18:06.75",18595,100593,0.3,12.42,39,3.3517,-108,-13.073,2,9,1,3042.7,0,0.05586167,-0.2178833,3,27,12,20,32,160000
"2019-03-27 11:18:07.5",18596,100594,0.3,12.42,39,3.3534,-108,-13.0711,2,9,1,3042,0,0.05589,-0.2178517,3,27,12,20,52,900000
"2019-03-27 11:18:08",18597,100595,0.3,12.42,39,3.3549,-108,-13.0692,2,9,1,3042.7,0,0.055915,-0.21782,3,27,12,21,12,270000
"2019-03-27 11:18:08.75",18598,100596,0.3,12.42,39,3.3566,-108,-13.0678,2,9,1,3042.9,0,0.05594333,-0.2177967,3,27,12,21,38,620000
"2019-03-27 11:18:09.25",18599,100597,0.3,12.42,39,3.3574,-108,-13.0658,2,9,1,3043.6,0,0.05595666,-0.2177633,3,27,12,21,55,300000
"2019-03-27 11:18:09.75",18600,100598,0.3,12.42,39,3.3582,-108,-13.0645,2,9,1,3043.2,0,0.05597,-0.2177417,3,27,12,22,24,590000
"2019-03-27 11:18:10.5",18601,100599,0.3,12.42,39,3.3598,-108,-13.0625,2,9,1,3043.5,0,0.05599667,-0.2177083,3,27,12,22,42,280000
"2019-03-27 11:18:11",18602,100600,0.3,12.42,39,3.3618,-108,-13.0608,2,9,1,3043,0,0.05603,-0.21768,3,27,12,23,1,470000
"2019-03-27 11:18:11.5",18603,100601,0.3,12.42,39,3.362,-108,-13.0608,2,9,1,3042.8,0,0.05603333,-0.21768,3,27,12,23,8,30000
"2019-03-27 11:18:12.25",18604,100602,0.3,12.41,39,3.363,-108,-13.0598,2,9,1,3043.2,0,0.05605,-0.2176633,3,27,12,23,56,590000
"2019-03-27 11:18:13.25",18605,100603,0.3,12.42,39,3.3647,-108,-13.0584,2,9,1,3043.3,0,0.05607833,-0.21764,3,27,12,24,13,960000
"2019-03-27 11:18:14",18606,100604,0.3,12.41,39,3.3658,-108,-13.0564,2,9,1,3043,0,0.05609666,-0.2176067,3,27,12,24,36,150000
"2019-03-27 11:18:14.75",18607,100605,0.3,12.41,39,3.367,-108,-13.0547,2,9,1,3043.4,0,0.05611667,-0.2175783,3,27,12,24,55,600000
"2019-03-27 11:18:15.25",18608,100606,0.242,12.41,39,3.368,-108,-13.053,2,9,1,3043.8,-0.004,0.05613333,-0.21755,3,27,12,25,11,10000
"2019-03-27 11:18:15.75",18609,100607,0.3,12.41,39,3.3692,-108,-13.0511,2,9,1,3045.1,0,0.05615334,-0.2175183,3,27,12,25,29,610000
"2019-03-27 11:18:16.5",18610,100608,0.3,12.41,39,3.3703,-108,-13.0499,2,8,1.4,3044.3,0,0.05617167,-0.2174983,3,27,12,25,48,990000
"2019-03-27 11:18:17.25",18611,100609,0.242,12.41,39,3.3722,-108,-13.0475,2,9,1,3044.7,-0.004,0.05620333,-0.2174583,3,27,12,26,29,620000
"2019-03-27 11:18:18",18612,100610,0.3,12.41,39,3.3731,-108,-13.0458,2,9,1,3044.7,0,0.05621833,-0.21743,3,27,12,26,54,280000
"2019-03-27 11:18:18.75",18613,100611,0.3,12.41,39,3.375,-108,-13.0442,2,8,1.4,3045.1,0,0.05625,-0.2174033,3,27,12,27,13,230000
"2019-03-27 11:18:19.25",18614,100612,0.3,12.41,39,3.3758,-108,-13.0424,2,8,1.4,3045.4,0,0.05626333,-0.2173733,3,27,12,27,29,530000
"2019-03-27 11:18:20",18615,100613,0.3,12.41,39,3.3776,-108,-13.0407,2,8,1.4,3045,0,0.05629333,-0.217345,3,27,12,27,47,770000
"2019-03-27 11:18:20.5",18616,100614,0.242,12.41,39,3.379,-108,-13.0387,2,8,1.4,3046.1,-0.004,0.05631667,-0.2173117,3,27,12,28,5,550000
"2019-03-27 11:18:21",18617,100615,0.242,12.41,39,3.3803,-108,-13.037,2,8,1.1,3046.2,-0.004,0.05633833,-0.2172833,3,27,12,28,29,130000
"2019-03-27 11:18:21.5",18618,100616,0.3,12.41,39,3.3818,-108,-13.034,2,8,1.4,3047.1,0,0.05636333,-0.2172333,3,27,12,28,45,940000
"2019-03-27 11:18:22",18619,100617,0.3,12.41,39,3.3832,-108,-13.0328,2,8,1.4,3046,0,0.05638666,-0.2172133,3,27,12,29,2,930000
"2019-03-27 11:18:22.75",18620,100618,0.3,12.41,39,3.3846,-108,-13.0303,2,8,1.4,3046.2,0,0.05641,-0.2171717,3,27,12,29,20,680000
"2019-03-27 11:18:23.5",18621,100619,0.3,12.41,39,3.3858,-108,-13.0292,2,8,1.4,3047.2,0,0.05643,-0.2171533,3,27,12,29,36,370000
"2019-03-27 11:18:24",18622,100620,0.242,12.41,39,3.3875,-108,-13.0279,2,8,1.4,3047.1,-0.004,0.05645834,-0.2171317,3,27,12,29,50,40000
"2019-03-27 11:18:24.5",18623,100621,0.242,12.41,39,3.3894,-108,-13.0257,2,8,1.4,3047.8,-0.004,0.05649,-0.217095,3,27,12,30,4,610000
"2019-03-27 11:18:25.25",18624,100622,0.242,12.41,39,3.3907,-108,-13.0247,2,8,1.4,3048.4,-0.004,0.05651167,-0.2170783,3,27,12,30,23,430000
"2019-03-27 11:18:26",18625,100623,0.3,12.41,39,3.3922,-108,-13.0232,2,8,1.4,3047.8,0,0.05653667,-0.2170533,3,27,12,30,56,260000
"2019-03-27 11:18:26.5",18626,100624,0.3,12.41,39,3.393,-108,-13.022,2,8,1.1,3048.1,0,0.05655,-0.2170333,3,27,12,31,17,850000
"2019-03-27 11:18:27",18627,100625,0.3,12.41,39,3.3945,-108,-13.0211,2,8,1.4,3047.1,0,0.056575,-0.2170183,3,27,12,31,36,140000
"2019-03-27 11:18:27.5",18628,100626,0.3,12.41,39,3.3958,-108,-13.0182,2,8,1.4,3046.7,0,0.05659667,-0.21697,3,27,12,31,49,720000
"2019-03-27 11:18:28",18629,100627,0.3,12.41,39,3.3971,-108,-13.0161,2,8,1.4,3046.6,0,0.05661833,-0.216935,3,27,12,32,4,810000
"2019-03-27 11:18:28.75",18630,100628,0.3,12.41,39,3.3989,-108,-13.0146,2,8,1.3,3047.4,0,0.05664833,-0.21691,3,27,12,32,19,120000
"2019-03-27 11:18:29.25",18631,100629,0.3,12.41,39,3.4003,-108,-13.0138,2,8,1.3,3047.7,0,0.05667167,-0.2168967,3,27,12,32,33,880000
"2019-03-27 11:18:30",18632,100630,0.3,12.41,39,3.4018,-108,-13.0114,2,9,0.9,3048.8,0,0.05669666,-0.2168567,3,27,12,34,46,190000
"2019-03-27 11:18:30.5",18633,100631,0.3,12.41,39,3.4036,-108,-13.0096,2,9,0.9,3047.9,0,0.05672667,-0.2168267,3,27,12,35,28,0
"2019-03-27 11:18:31",18634,100632,0.3,12.41,39,3.4053,-108,-13.0081,2,9,0.9,3046.9,0,0.056755,-0.2168017,3,27,12,35,45,310000
"2019-03-27 11:18:31.75",18635,100633,0.3,12.41,39,3.4071,-108,-13.0066,2,9,0.9,3045.6,0,0.056785,-0.2167767,3,27,12,36,1,250000
"2019-03-27 11:18:32.5",18636,100634,0.3,12.41,39,3.4094,-108,-13.0045,2,9,0.9,3045.5,0,0.05682333,-0.2167417,3,27,12,36,21,500000
"2019-03-27 11:18:33",18637,100635,0.3,12.41,39,3.411,-108,-13.0027,2,9,0.9,3046,0,0.05685,-0.2167117,3,27,12,36,37,350000
"2019-03-27 11:18:33.75",18638,100636,0.242,12.41,39,3.4118,-108,-13.0022,2,9,0.9,3046.5,-0.004,0.05686333,-0.2167033,3,27,12,36,51,690000
"2019-03-27 11:18:34.5",18639,100637,0.3,12.41,39,3.4129,-108,-13.0011,2,9,0.9,3046.2,0,0.05688167,-0.216685,3,27,12,37,11,360000
"2019-03-27 11:18:35",18640,100638,0.3,12.41,39,3.4142,-108,-12.9988,2,9,0.9,3047.2,0,0.05690334,-0.2166467,3,27,12,37,28,140000
"2019-03-27 11:18:35.75",18641,100639,0.3,12.41,39,3.4165,-108,-12.997,2,10,0.9,3045.2,0,0.05694167,-0.2166167,3,27,12,37,46,620000
"2019-03-27 11:18:36.5",18642,100640,0.242,12.41,39,3.4183,-108,-12.9953,2,10,0.9,3045.6,-0.004,0.05697166,-0.2165883,3,27,12,38,6,960000
"2019-03-27 11:18:37.25",18643,100641,0.3,12.4,39,3.4195,-108,-12.9939,2,9,1.3,3045.4,0,0.05699167,-0.216565,3,27,12,38,23,400000
"2019-03-27 11:18:38.25",18644,100642,0.242,12.4,39,3.4212,-108,-12.9924,2,9,1.3,3044.9,-0.004,0.05702,-0.21654,3,27,12,38,42,630000
"2019-03-27 11:18:39",18645,100643,0.3,12.4,39,3.423,-108,-12.9908,2,10,0.9,3044.6,0,0.05705,-0.2165133,3,27,12,39,10,350000
"2019-03-27 11:18:39.75",18646,100644,0.3,12.41,39,3.4249,-108,-12.9889,2,10,0.9,3044.8,0,0.05708166,-0.2164817,3,27,12,39,27,210000
"2019-03-27 11:18:40.5",18647,100645,0.3,12.4,39,3.4264,-108,-12.9868,2,10,0.9,3046.1,0,0.05710667,-0.2164467,3,27,12,39,44,540000
"2019-03-27 11:18:41",18648,100646,0.242,12.4,39,3.4278,-108,-12.9844,2,9,1,3046.2,-0.004,0.05713,-0.2164067,3,27,12,40,6,910000
"2019-03-27 11:18:41.5",18649,100647,0.3,12.4,39,3.4305,-108,-12.982,2,8,1.2,3045.8,0,0.057175,-0.2163667,3,27,12,40,23,810000
"2019-03-27 11:18:42.25",18650,100648,0.3,12.4,39,3.4319,-108,-12.981,2,9,1,3047.3,0,0.05719834,-0.21635,3,27,12,40,42,480000
"2019-03-27 11:18:42.75",18651,100649,0.242,12.4,39,3.434,-108,-12.979,2,8,1.3,3046.6,-0.004,0.05723333,-0.2163167,3,27,12,40,58,680000
"2019-03-27 11:18:43.75",18652,100650,0.3,12.4,39,3.4353,-108,-12.9784,2,9,1.3,3047.6,0,0.057255,-0.2163067,3,27,12,41,15,560000
"2019-03-27 11:18:44.5",18653,100651,0.3,12.4,39,3.4372,-108,-12.977,2,9,1.3,3047.2,0,0.05728667,-0.2162833,3,27,12,41,30,770000
"2019-03-27 11:18:45.25",18654,100652,0.242,12.4,39,3.4384,-108,-12.9746,2,9,1.1,3047.7,-0.004,0.05730666,-0.2162433,3,27,12,41,55,710000
"2019-03-27 11:18:46",18655,100653,0.242,12.4,39,3.4404,-108,-12.9738,2,10,0.9,3047.2,-0.004,0.05734,-0.21623,3,27,12,42,20,680000
"2019-03-27 11:18:46.5",18656,100654,0.3,12.4,39,3.4415,-108,-12.9721,2,10,0.9,3048.4,0,0.05735833,-0.2162017,3,27,12,42,31,230000
"2019-03-27 11:18:47.5",18657,100655,0.3,12.4,39,3.4437,-108,-12.971,2,10,0.9,3048.4,0,0.057395,-0.2161833,3,27,12,42,49,460000
"2019-03-27 11:18:48",18658,100656,0.3,12.4,39,3.4458,-108,-12.9704,2,10,0.9,3048.3,0,0.05743,-0.2161733,3,27,12,43,17,570000
"2019-03-27 11:18:48.75",18659,100657,0.3,12.4,39,3.4474,-108,-12.971,2,10,0.9,3047.4,0,0.05745667,-0.2161833,3,27,12,43,32,800000
"2019-03-27 11:18:49.5",18660,100658,0.3,12.4,39,3.4493,-108,-12.9726,2,10,0.9,3046.4,0,0.05748833,-0.21621,3,27,12,43,46,560000
"2019-03-27 11:18:50.5",18661,100659,0.3,12.4,39,3.4508,-108,-12.975,2,10,0.9,3046.2,0,0.05751333,-0.21625,3,27,12,43,58,320000
"2019-03-27 11:18:51",18662,100660,0.3,12.4,39,3.4519,-108,-12.9762,2,10,0.9,3046.4,0,0.05753167,-0.21627,3,27,12,44,12,770000
"2019-03-27 11:18:51.75",18663,100661,0.3,12.4,39,3.4539,-108,-12.9781,2,10,0.9,3047.6,0,0.057565,-0.2163017,3,27,12,44,33,340000
"2019-03-27 11:18:52.75",18664,100662,0.3,12.4,39,3.455,-108,-12.9798,2,10,0.9,3047.9,0,0.05758333,-0.21633,3,27,12,44,46,900000
"2019-03-27 11:18:53.5",18665,100663,0.3,12.4,39,3.4569,-108,-12.981,2,10,0.9,3047.6,0,0.057615,-0.21635,3,27,12,45,3,980000
"2019-03-27 11:18:54",18666,100664,0.3,12.4,39,3.4582,-108,-12.9825,2,10,0.9,3047,0,0.05763667,-0.216375,3,27,12,45,22,600000
"2019-03-27 11:18:54.75",18667,100665,0.3,12.4,39,3.4598,-108,-12.9843,2,10,0.9,3045.9,0,0.05766333,-0.216405,3,27,12,45,38,470000
"2019-03-27 11:18:55.5",18668,100666,0.3,12.4,39,3.4619,-108,-12.9858,2,10,0.9,3046.1,0,0.05769833,-0.21643,3,27,12,45,54,210000
"2019-03-27 11:18:56",18669,100667,0.3,12.4,39,3.4629,-108,-12.9882,2,10,0.9,3046.1,0,0.057715,-0.21647,3,27,12,46,8,130000
"2019-03-27 11:18:56.75",18670,100668,0.3,12.4,39,3.4651,-108,-12.9908,2,10,0.9,3046.2,0,0.05775167,-0.2165133,3,27,12,46,23,560000
"2019-03-27 11:18:57.5",18671,100669,0.3,12.4,39,3.4667,-108,-12.9921,2,10,0.9,3046.5,0,0.05777834,-0.216535,3,27,12,46,46,910000
"2019-03-27 11:18:58.25",18672,100670,0.3,12.4,39,3.468,-108,-12.9933,2,10,0.9,3046.2,0,0.0578,-0.216555,3,27,12,47,9,410000
"2019-03-27 11:18:59",18673,100671,0.3,12.4,39,3.4698,-108,-12.9948,2,10,0.9,3046.1,0,0.05783,-0.21658,3,27,12,47,28,190000
"2019-03-27 11:19:00",18674,100672,0.3,12.4,39,3.4716,-108,-12.9966,2,10,0.9,3045.5,0,0.05786,-0.21661,3,27,12,47,44,980000
"2019-03-27 11:19:00.5",18675,100673,0.3,12.4,39,3.4731,-108,-12.9987,2,10,0.9,3045.9,0,0.057885,-0.216645,3,27,12,48,4,320000
"2019-03-27 11:19:01",18676,100674,0.3,12.4,39,3.4739,-108,-13.0007,2,10,0.9,3045.4,0,0.05789834,-0.2166783,3,27,12,48,23,360000
"2019-03-27 11:19:01.75",18677,100675,0.3,12.4,39,3.4761,-108,-13.0019,2,10,0.9,3046.9,0,0.057935,-0.2166983,3,27,12,48,43,920000
"2019-03-27 11:19:02.5",18678,100676,0.242,12.4,39,3.4782,-108,-13.0038,2,11,0.8,3043.9,-0.004,0.05797,-0.21673,3,27,12,49,8,580000
"2019-03-27 11:19:03.25",18679,100677,0.3,12.4,39,3.4791,-108,-13.006,2,11,0.8,3043.7,0,0.057985,-0.2167667,3,27,12,49,24,230000
"2019-03-27 11:19:03.75",18680,100678,0.3,12.4,39,3.4804,-108,-13.008,2,11,0.8,3043,0,0.05800667,-0.2168,3,27,12,49,38,670000
