"TOA5","4540","CR800","4540","CR800.Std.21","CPU:CRREL_GPSProbeC_2014.CR8","51356","OperatorView"
"TIMESTAMP","RECORD","Counter","DepthCm","BattVolts","latitude_a","latitude_b","Longitude_a","Longitude_b","fix_quality","nmbr_satellites","HDOP","altitudeB","DepthVolts","LatitudeDDDDD","LongitudeDDDDD","month","dayofmonth","hourofday","minutes","seconds","microseconds"
"TS","RN","","","","degrees","minutes","degrees","minutes","unitless","","","","","","","","","","","",""
"","","Smp","Smp","Smp","Smp","Smp","Smp","Smp","Smp","Smp","Smp","Smp","Smp","Smp","Smp","Smp","Smp","Smp","Smp","Smp","Smp"
"2019-03-28 07:29:44",18681,100001,0.3,13.76,39,1.2328,-108,-9.7965,2,9,0.9,3096.8,0,0.02054667,-0.163275,3,28,7.00000,36,18,820000
"2019-03-28 07:29:44.75",18682,100002,0.3,13.75,39,1.2326,-108,-9.8005,2,9,0.9,3097,0,0.02054333,-0.1633417,3,28,7.00000,37,34,960000
"2019-03-28 07:29:45.5",18683,100003,0.3,13.75,39,1.2349,-108,-9.798,2,8,1,3096.9,0,0.02058167,-0.1633,3,28,7.00000,40,3,450000
"2019-03-28 07:29:46",18684,501,0.3,13.7,39,1.2345,-108,-9.7963,2,9,0.9,3105.4,0,0.020575,-0.1632717,3,28,8,7.00000,44,230000
"2019-03-28 07:29:46.75",18685,502,0.3,13.7,39,1.2355,-108,-9.7964,2,9,0.9,3106.4,0,0.02059167,-0.1632733,3,28,8,8,15,820000
"2019-03-28 07:29:47.5",18686,503,0.3,13.69,39,1.2365,-108,-9.7964,2,9,0.9,3106.3,0,0.02060833,-0.1632733,3,28,8,8,47,370000
"2019-03-28 07:29:48.25",18687,504,0.3,13.69,39,1.2378,-108,-9.7972,2,9,0.9,3106.5,0,0.02063,-0.1632867,3,28,8,9,9,470000
"2019-03-28 07:29:49",18688,505,0.3,13.69,39,1.2394,-108,-9.7972,2,9,0.9,3106.8,0,0.02065667,-0.1632867,3,28,8,9,29,670000
"2019-03-28 07:29:49.5",18689,506,0.3,13.68,39,1.2404,-108,-9.7966,2,9,0.9,3107.3,0,0.02067333,-0.1632767,3,28,8,10,13,40000
"2019-03-28 07:29:50.25",18690,507,0.3,13.68,39,1.2414,-108,-9.7969,2,9,0.9,3108,0,0.02069,-0.1632817,3,28,8,10,29,620000
"2019-03-28 07:29:51",18691,508,0.3,13.68,39,1.2434,-108,-9.796699,2,8,1,3108,0,0.02072333,-0.1632783,3,28,8,11,9,720000
"2019-03-28 07:29:51.75",18692,509,0.3,13.68,39,1.2449,-108,-9.797,2,9,0.9,3108.9,0,0.02074833,-0.1632833,3,28,8,12,32,180000
"2019-03-28 07:29:52.25",18693,510,0.3,13.68,39,1.2451,-108,-9.797,2,7.00000,1.1,3108.9,0,0.02075167,-0.1632833,3,28,8,12,56,10000
"2019-03-28 07:29:52.75",18694,511,0.3,13.68,39,1.2472,-108,-9.797,2,8,1,3109,0,0.02078667,-0.1632833,3,28,8,13,15,840000
"2019-03-28 07:29:53.5",18695,512,0.3,13.68,39,1.2485,-108,-9.7977,2,8,1,3109.5,0,0.02080833,-0.163295,3,28,8,14,2,530000
"2019-03-28 07:29:54.25",18696,513,0.3,13.68,39,1.2496,-108,-9.798101,2,8,1,3109.9,0,0.02082667,-0.1633017,3,28,8,14,30,340000
"2019-03-28 07:29:55",18697,514,0.3,13.68,39,1.2509,-108,-9.7977,2,7.00000,1.1,3110.5,0,0.02084833,-0.163295,3,28,8,15,7.00000,470000
"2019-03-28 07:29:55.5",18698,515,0.3,13.68,39,1.2521,-108,-9.7972,2,7.00000,1.1,3110.1,0,0.02086833,-0.1632867,3,28,8,15,44,790000
"2019-03-28 07:29:56",18699,516,0.3,13.67,39,1.2531,-108,-9.797401,2,7.00000,1.3,3111,0,0.020885,-0.16329,3,28,8,16,8,170000
"2019-03-28 07:29:56.75",18700,517,0.3,13.68,39,1.2552,-108,-9.7963,2,8,1,3111.3,0,0.02092,-0.1632717,3,28,8,16,25,460000
"2019-03-28 07:29:57.25",18701,518,0.3,13.67,39,1.2567,-108,-9.795999,2,7.00000,1.1,3113.8,0,0.020945,-0.1632667,3,28,8,17,7.00000,670000
"2019-03-28 07:29:57.75",18702,519,0.3,13.67,39,1.2577,-108,-9.7963,2,8,1,3115.1,0,0.02096167,-0.1632717,3,28,8,18,11,140000
"2019-03-28 07:29:58.5",18703,520,0.3,13.66,39,1.26,-108,-9.7968,2,9,0.9,3114.7,0,0.021,-0.16328,3,28,8,18,44,990000
"2019-03-28 07:29:59.25",18704,521,0.3,13.67,39,1.2611,-108,-9.797401,2,9,0.9,3116,0,0.02101833,-0.16329,3,28,8,20,10,220000
"2019-03-28 07:30:00",18705,522,0.3,13.67,39,1.262,-108,-9.797,2,9,0.9,3116.2,0,0.02103333,-0.1632833,3,28,8,20,41,30000
"2019-03-28 07:30:00.75",18706,523,0.3,13.67,39,1.2643,-108,-9.7965,2,8,1,3114.6,0,0.02107167,-0.163275,3,28,8,21,0,80000
"2019-03-28 07:30:01.5",18707,524,0.3,13.67,39,1.2656,-108,-9.7954,2,8,1,3113.8,0,0.02109333,-0.1632567,3,28,8,21,57,450000
"2019-03-28 07:30:02.25",18708,525,0.3,13.66,39,1.2667,-108,-9.795299,2,9,0.9,3113.8,0,0.02111167,-0.163255,3,28,8,23,35,840000
"2019-03-28 07:30:02.75",18709,526,0.3,13.66,39,1.2687,-108,-9.795,2,9,0.9,3113.3,0,0.021145,-0.16325,3,28,8,24,33,300000
"2019-03-28 07:30:03.25",18710,527,0.3,13.66,39,1.2702,-108,-9.7952,2,9,0.9,3113.7,0,0.02117,-0.1632533,3,28,8,24,56,20000
"2019-03-28 07:30:04",18711,528,0.3,13.66,39,1.2709,-108,-9.7952,2,8,1.1,3114.3,0,0.02118167,-0.1632533,3,28,8,25,16,850000
"2019-03-28 07:30:04.5",18712,529,0.3,13.66,39,1.2731,-108,-9.7958,2,9,0.9,3115.8,0,0.02121833,-0.1632633,3,28,8,25,41,120000
"2019-03-28 07:30:05.25",18713,530,0.3,13.66,39,1.2742,-108,-9.7963,2,9,0.9,3116.6,0,0.02123667,-0.1632717,3,28,8,26,8,940000
"2019-03-28 07:30:06",18714,531,0.3,13.66,39,1.2768,-108,-9.796699,2,8,1,3117.6,0,0.02128,-0.1632783,3,28,8,26,32,360000
"2019-03-28 07:30:06.75",18715,532,0.3,13.66,39,1.277,-108,-9.7968,2,8,1,3117.6,0,0.02128333,-0.16328,3,28,8,27,10,0
"2019-03-28 07:30:07.5",18716,533,0.242,13.66,39,1.2798,-108,-9.798,2,9,0.9,3116.4,-0.004,0.02133,-0.1633,3,28,8,27,41,230000
"2019-03-28 07:30:08.25",18717,534,0.3,13.66,39,1.2809,-108,-9.797401,2,8,1,3117.2,0,0.02134833,-0.16329,3,28,8,28,14,40000
"2019-03-28 07:30:08.75",18718,535,0.3,13.66,39,1.2824,-108,-9.7954,2,8,1,3117.3,0,0.02137333,-0.1632567,3,28,8,29,23,0
"2019-03-28 07:30:09.25",18719,536,0.3,13.66,39,1.2823,-108,-9.7936,2,8,1,3118.2,0,0.02137167,-0.1632267,3,28,8,30,0,660000
"2019-03-28 07:30:10",18720,537,0.3,13.65,39,1.2824,-108,-9.7929,2,7.00000,1.1,3117.5,0,0.02137333,-0.163215,3,28,8,30,25,370000
"2019-03-28 07:30:10.75",18721,538,0.3,13.65,39,1.2836,-108,-9.7909,2,8,1.1,3117,0,0.02139333,-0.1631817,3,28,8,30,48,520000
"2019-03-28 07:30:11.5",18722,539,0.3,13.65,39,1.283,-108,-9.7894,2,8,1,3116.1,0,0.02138333,-0.1631567,3,28,8,31,11,590000
"2019-03-28 07:30:12.25",18723,540,0.3,13.65,39,1.283,-108,-9.7891,2,8,1,3116.1,0,0.02138333,-0.1631517,3,28,8,31,36,310000
"2019-03-28 07:30:13.25",18724,541,0.3,13.65,39,1.283,-108,-9.7874,2,8,1,3116.3,0,0.02138333,-0.1631233,3,28,8,31,51,240000
"2019-03-28 07:30:13.75",18725,542,0.3,13.65,39,1.2828,-108,-9.7871,2,8,1.1,3116.2,0,0.02138,-0.1631183,3,28,8,32,6,10000
"2019-03-28 07:30:14.5",18726,543,0.3,13.65,39,1.2821,-108,-9.7864,2,8,1,3115.9,0,0.02136833,-0.1631067,3,28,8,32,28,700000
"2019-03-28 07:30:15.25",18727,544,0.3,13.65,39,1.2802,-108,-9.782699,2,8,1,3114.4,0,0.02133667,-0.163045,3,28,8,32,49,660000
"2019-03-28 07:30:16",18728,545,0.3,13.65,39,1.2791,-108,-9.7803,2,8,1,3114.7,0,0.02131833,-0.163005,3,28,8,33,9,0
"2019-03-28 07:30:16.75",18729,546,0.3,13.65,39,1.2778,-108,-9.7783,2,8,1,3114.6,0,0.02129667,-0.1629717,3,28,8,33,29,320000
"2019-03-28 07:30:17.25",18730,547,0.3,13.65,39,1.2774,-108,-9.7775,2,9,1,3114.7,0,0.02129,-0.1629583,3,28,8,33,52,430000
"2019-03-28 07:30:18",18731,548,0.3,13.65,39,1.2768,-108,-9.7744,2,9,1,3115,0,0.02128,-0.1629067,3,28,8,34,32,510000
"2019-03-28 07:30:18.75",18732,549,0.3,13.65,39,1.2757,-108,-9.7711,2,8,1.1,3115.7,0,0.02126167,-0.1628517,3,28,8,34,49,820000
"2019-03-28 07:30:19.25",18733,550,0.3,13.65,39,1.2749,-108,-9.7699,2,7.00000,1.2,3115.3,0,0.02124833,-0.1628317,3,28,8,35,18,860000
"2019-03-28 07:30:19.75",18734,551,0.3,13.65,39,1.2736,-108,-9.767201,2,9,1,3112.5,0,0.02122667,-0.1627867,3,28,8,36,22,150000
"2019-03-28 07:30:20.5",18735,552,0.3,13.65,39,1.2737,-108,-9.7653,2,9,1.1,3113.4,0,0.02122833,-0.162755,3,28,8,36,45,600000
"2019-03-28 07:30:21",18736,553,0.3,13.65,39,1.2728,-108,-9.764,2,9,0.9,3112.1,0,0.02121333,-0.1627333,3,28,8,37,4,460000
"2019-03-28 07:30:21.75",18737,554,0.3,13.65,39,1.2714,-108,-9.7631,2,8,1,3112.4,0,0.02119,-0.1627183,3,28,8,37,25,670000
"2019-03-28 07:30:22.5",18738,555,0.3,13.64,39,1.2711,-108,-9.761,2,9,0.9,3112.1,0,0.021185,-0.1626833,3,28,8,37,46,70000
"2019-03-28 07:30:23",18739,556,0.3,13.65,39,1.2709,-108,-9.759499,2,9,0.9,3112.8,0,0.02118167,-0.1626583,3,28,8,38,2,760000
"2019-03-28 07:30:23.75",18740,557,0.3,13.64,39,1.2689,-108,-9.7573,2,9,0.9,3113.3,0,0.02114833,-0.1626217,3,28,8,39,16,370000
"2019-03-28 07:30:24.5",18741,558,0.3,13.64,39,1.2663,-108,-9.7558,2,9,0.9,3113.8,0,0.021105,-0.1625967,3,28,8,39,56,140000
"2019-03-28 07:30:25.25",18742,559,0.3,13.64,39,1.265,-108,-9.7536,2,8,1.1,3114.4,0,0.02108333,-0.16256,3,28,8,40,15,380000
"2019-03-28 07:30:26",18743,560,0.3,13.64,39,1.2644,-108,-9.752,2,8,1.1,3113.8,0,0.02107333,-0.1625333,3,28,8,41,41,170000
"2019-03-28 07:30:26.75",18744,561,0.3,13.64,39,1.2635,-108,-9.751099,2,9,0.9,3112.6,0,0.02105833,-0.1625183,3,28,8,42,1,960000
"2019-03-28 07:30:27.5",18745,562,0.3,13.64,39,1.2628,-108,-9.7495,2,7.00000,1.3,3113.1,0,0.02104667,-0.1624917,3,28,8,42,22,360000
"2019-03-28 07:30:28",18746,563,0.3,13.64,39,1.2624,-108,-9.7476,2,9,0.9,3112.3,0,0.02104,-0.16246,3,28,8,42,51,680000
"2019-03-28 07:30:28.75",18747,564,0.3,13.64,39,1.2612,-108,-9.7463,2,9,0.9,3112.5,0,0.02102,-0.1624383,3,28,8,43,15,100000
"2019-03-28 07:30:29.25",18748,565,0.3,13.64,39,1.2599,-108,-9.7436,2,9,0.9,3113,0,0.02099833,-0.1623933,3,28,8,43,38,630000
"2019-03-28 07:30:30",18749,566,0.3,13.64,39,1.2596,-108,-9.7425,2,9,0.9,3113.4,0,0.02099333,-0.162375,3,28,8,44,6,740000
"2019-03-28 07:30:31",18750,567,0.3,13.64,39,1.2582,-108,-9.7406,2,9,1.1,3113.4,0,0.02097,-0.1623433,3,28,8,44,27,200000
"2019-03-28 07:30:31.75",18751,568,0.3,13.63,39,1.2562,-108,-9.7365,2,9,0.9,3113.4,0,0.02093667,-0.162275,3,28,8,46,35,740000
"2019-03-28 07:30:32.5",18752,569,0.3,13.64,39,1.2541,-108,-9.7346,2,9,0.9,3113.5,0,0.02090167,-0.1622433,3,28,8,46,51,110000
"2019-03-28 07:30:33.25",18753,570,0.3,13.64,39,1.2525,-108,-9.7333,2,9,0.9,3114.4,0,0.020875,-0.1622217,3,28,8,47,7.00000,550000
"2019-03-28 07:30:34",18754,571,0.3,13.63,39,1.251,-108,-9.7323,2,9,0.9,3113.6,0,0.02085,-0.162205,3,28,8,47,43,120000
"2019-03-28 07:30:34.75",18755,572,0.3,13.63,39,1.2497,-108,-9.7306,2,9,0.9,3114.9,0,0.02082833,-0.1621767,3,28,8,48,13,910000
"2019-03-28 07:30:35.25",18756,573,0.3,13.63,39,1.2467,-108,-9.729299,2,9,1.1,3114.3,0,0.02077833,-0.162155,3,28,8,48,33,50000
"2019-03-28 07:30:36",18757,574,0.3,13.63,39,1.2455,-108,-9.7277,2,9,0.9,3113.9,0,0.02075833,-0.1621283,3,28,8,48,57,280000
"2019-03-28 07:30:36.75",18758,575,0.3,13.63,39,1.2441,-108,-9.7252,2,9,1.1,3113.8,0,0.020735,-0.1620867,3,28,8,49,13,0
"2019-03-28 07:30:37.5",18759,576,0.3,13.63,39,1.243,-108,-9.723699,2,9,0.9,3113.2,0,0.02071667,-0.1620617,3,28,8,49,27,550000
"2019-03-28 07:30:38.25",18760,577,0.3,13.63,39,1.2424,-108,-9.7221,2,9,0.9,3112.2,0,0.02070667,-0.162035,3,28,8,49,54,870000
"2019-03-28 07:30:39",18761,578,0.3,13.63,39,1.2411,-108,-9.7192,2,9,1.1,3112.3,0,0.020685,-0.1619867,3,28,8,50,25,990000
"2019-03-28 07:30:39.75",18762,579,0.3,13.63,39,1.2394,-108,-9.7171,2,9,0.9,3112.7,0,0.02065667,-0.1619517,3,28,8,50,46,780000
"2019-03-28 07:30:40.5",18763,580,0.3,13.63,39,1.2399,-108,-9.7183,2,9,1.1,3112.8,0,0.020665,-0.1619717,3,28,8,52,19,830000
"2019-03-28 07:30:41",18764,581,0.3,13.62,39,1.2401,-108,-9.721,2,9,1.1,3111.8,0,0.02066833,-0.1620167,3,28,8,52,59,900000
"2019-03-28 07:30:41.75",18765,582,0.3,13.63,39,1.2402,-108,-9.7231,2,9,1.1,3112.2,0,0.02067,-0.1620517,3,28,8,53,30,380000
"2019-03-28 07:30:42.5",18766,583,0.3,13.62,39,1.2403,-108,-9.7259,2,9,0.9,3110.9,0,0.02067167,-0.1620983,3,28,8,53,43,770000
"2019-03-28 07:30:43.25",18767,584,0.3,13.62,39,1.2402,-108,-9.7287,2,9,1.1,3110,0,0.02067,-0.162145,3,28,8,53,59,720000
"2019-03-28 07:30:43.75",18768,585,0.3,13.62,39,1.2401,-108,-9.7303,2,9,1.1,3110.4,0,0.02066833,-0.1621717,3,28,8,54,24,870000
"2019-03-28 07:30:44.5",18769,586,0.3,13.62,39,1.2402,-108,-9.7324,2,9,0.9,3110.1,0,0.02067,-0.1622067,3,28,8,54,47,990000
"2019-03-28 07:30:45.25",18770,587,0.3,13.62,39,1.2402,-108,-9.7331,2,10,0.9,3109.9,0,0.02067,-0.1622183,3,28,8,55,26,120000
"2019-03-28 07:30:45.75",18771,588,0.3,13.62,39,1.2408,-108,-9.7351,2,10,0.9,3108.7,0,0.02068,-0.1622517,3,28,8,56,10,10000
"2019-03-28 07:30:46.25",18772,589,0.3,13.62,39,1.2407,-108,-9.7352,2,10,0.9,3108.8,0,0.02067833,-0.1622533,3,28,8,56,38,850000
"2019-03-28 07:30:47",18773,590,0.3,13.62,39,1.2399,-108,-9.7408,2,10,0.8,3109.6,0,0.020665,-0.1623467,3,28,9,1,9,220000
"2019-03-28 07:30:47.5",18774,591,0.3,13.62,39,1.2405,-108,-9.7437,2,10,0.8,3108.9,0,0.020675,-0.162395,3,28,9,1,56,660000
"2019-03-28 07:30:48",18775,592,0.3,13.62,39,1.2411,-108,-9.7448,2,10,0.8,3108.9,0,0.020685,-0.1624133,3,28,9,2,30,440000
"2019-03-28 07:30:48.5",18776,593,0.242,13.61,39,1.2414,-108,-9.7467,2,10,0.8,3109.4,-0.004,0.02069,-0.162445,3,28,9,2,54,130000
"2019-03-28 07:30:49.25",18777,594,0.3,13.61,39,1.241,-108,-9.7488,2,10,0.8,3109.9,0,0.02068334,-0.16248,3,28,9,3,8,760000
"2019-03-28 07:30:50",18778,595,0.3,13.61,39,1.2411,-108,-9.751799,2,10,0.8,3108.6,0,0.020685,-0.16253,3,28,9,3,42,690000
"2019-03-28 07:30:50.5",18779,596,0.3,13.6,39,1.2413,-108,-9.7538,2,9,0.9,3110.1,0,0.02068833,-0.1625633,3,28,9,5,12,320000
"2019-03-28 07:30:51.25",18780,597,0.3,13.6,39,1.2409,-108,-9.7552,2,10,0.8,3111.2,0,0.02068167,-0.1625867,3,28,9,5,43,890000
"2019-03-28 07:30:51.75",18781,598,0.3,13.6,39,1.2409,-108,-9.7571,2,10,0.8,3110.2,0,0.02068167,-0.1626183,3,28,9,6,2,40000
"2019-03-28 07:30:52.25",18782,599,0.3,13.6,39,1.2392,-108,-9.7608,2,10,0.8,3110.4,0,0.02065333,-0.16268,3,28,9,6,57,840000
"2019-03-28 07:30:53",18783,600,0.3,13.6,39,1.2413,-108,-9.7647,2,10,0.9,3109,0,0.02068833,-0.162745,3,28,9,7.00000,54,320000
"2019-03-28 07:30:53.5",18784,601,0.3,13.6,39,1.2396,-108,-9.7674,2,10,0.9,3108.4,0,0.02066,-0.16279,3,28,9,8,43,630000
"2019-03-28 07:30:54.25",18785,602,0.3,13.6,39,1.2399,-108,-9.7694,2,10,0.8,3107.9,0,0.020665,-0.1628233,3,28,9,9,3,990000
"2019-03-28 07:30:55",18786,603,0.3,13.6,39,1.2402,-108,-9.7713,2,9,1.1,3107.6,0,0.02067,-0.162855,3,28,9,9,19,350000
"2019-03-28 07:30:55.5",18787,604,0.3,13.6,39,1.2401,-108,-9.7725,2,10,0.8,3107.9,0,0.02066833,-0.162875,3,28,9,9,43,980000
"2019-03-28 07:30:56.25",18788,605,0.3,13.6,39,1.2396,-108,-9.7744,2,9,0.9,3107.2,0,0.02066,-0.1629067,3,28,9,10,9,610000
"2019-03-28 07:30:57",18789,606,0.3,13.6,39,1.2399,-108,-9.7764,2,9,1,3107,0,0.020665,-0.16294,3,28,9,10,45,460000
"2019-03-28 07:30:57.75",18790,607,0.3,13.6,39,1.2392,-108,-9.777701,2,8,1.6,3109,0,0.02065333,-0.1629617,3,28,9,11,17,40000
"2019-03-28 07:30:58.5",18791,608,0.3,13.6,39,1.2387,-108,-9.7787,2,9,0.9,3109.1,0,0.020645,-0.1629783,3,28,9,11,35,470000
"2019-03-28 07:30:59",18792,609,0.3,13.6,39,1.2394,-108,-9.7836,2,8,1.1,3109.1,0,0.02065667,-0.16306,3,28,9,12,0,450000
"2019-03-28 07:30:59.5",18793,610,0.3,13.6,39,1.2398,-108,-9.7853,2,8,1,3109.4,0,0.02066333,-0.1630883,3,28,9,12,25,180000
"2019-03-28 07:31:00.25",18794,611,0.3,13.6,39,1.2386,-108,-9.7865,2,9,0.9,3112.7,0,0.02064333,-0.1631083,3,28,9,13,12,280000
"2019-03-28 07:31:00.75",18795,612,0.3,13.6,39,1.2377,-108,-9.7877,2,8,1.1,3113.6,0,0.02062833,-0.1631283,3,28,9,13,40,0
"2019-03-28 07:31:01.25",18796,613,0.3,13.6,39,1.2353,-108,-9.7944,2,8,1,3113.5,0,0.02058833,-0.16324,3,28,9,14,2,500000
"2019-03-28 07:31:02",18797,614,0.3,13.59,39,1.2353,-108,-9.793899,2,8,1,3113.7,0,0.02058833,-0.1632317,3,28,9,14,29,0
"2019-03-28 07:31:02.75",18798,615,0.3,13.57,39,1.2412,-108,-9.795999,2,8,1.1,3114.5,0,0.02068667,-0.1632667,3,28,9,41,37,760000
"2019-03-28 07:31:03.25",18799,616,0.3,13.57,39,1.2418,-108,-9.7966,2,9,0.9,3114.5,0,0.02069667,-0.1632767,3,28,9,41,56,940000
"2019-03-28 07:31:04",18800,617,0.3,13.57,39,1.2418,-108,-9.7979,2,9,0.9,3114.7,0,0.02069667,-0.1632983,3,28,9,42,11,960000
"2019-03-28 07:31:04.5",18801,618,0.3,13.57,39,1.2413,-108,-9.801,2,8,1,3112.5,0,0.02068833,-0.16335,3,28,9,42,44,810000
"2019-03-28 07:31:05.25",18802,619,0.3,13.56,39,1.2417,-108,-9.8021,2,9,0.9,3112.3,0,0.020695,-0.1633683,3,28,9,43,21,840000
"2019-03-28 07:31:05.75",18803,620,0.3,13.56,39,1.2414,-108,-9.8041,2,9,0.9,3111.7,0,0.02069,-0.1634017,3,28,9,43,56,920000
"2019-03-28 07:31:06.5",18804,621,0.3,13.56,39,1.2417,-108,-9.807,2,8,1.1,3112.8,0,0.020695,-0.16345,3,28,9,44,43,280000
"2019-03-28 07:31:07.25",18805,622,0.3,13.56,39,1.2392,-108,-9.812101,2,9,0.9,3111.3,0,0.02065333,-0.163535,3,28,9,45,22,750000
"2019-03-28 07:31:08",18806,623,0.3,13.56,39,1.2372,-108,-9.814299,2,9,0.9,3112.1,0,0.02062,-0.1635717,3,28,9,45,56,50000
"2019-03-28 07:31:08.75",18807,624,0.3,13.56,39,1.2369,-108,-9.8162,2,8,1.1,3113.2,0,0.020615,-0.1636033,3,28,9,46,26,430000
"2019-03-28 07:31:09.5",18808,625,0.3,13.56,39,1.2382,-108,-9.817799,2,9,0.9,3112.1,0,0.02063667,-0.16363,3,28,9,46,48,620000
"2019-03-28 07:31:10",18809,626,0.3,13.56,39,1.2389,-108,-9.8198,2,9,0.9,3112.1,0,0.02064833,-0.1636633,3,28,9,47,8,680000
"2019-03-28 07:31:10.5",18810,627,0.3,13.56,39,1.2396,-108,-9.8212,2,8,1,3111.8,0,0.02066,-0.1636867,3,28,9,47,23,960000
"2019-03-28 07:31:11.25",18811,628,0.3,13.56,39,1.2397,-108,-9.8238,2,9,0.9,3111.2,0,0.02066167,-0.16373,3,28,9,47,38,380000
"2019-03-28 07:31:12",18812,629,0.3,13.55,39,1.2401,-108,-9.8266,2,8,1.1,3111,0,0.02066833,-0.1637767,3,28,9,47,59,400000
"2019-03-28 07:31:12.75",18813,630,0.3,13.55,39,1.241,-108,-9.8289,2,8,1.1,3110.7,0,0.02068334,-0.163815,3,28,9,48,20,930000
"2019-03-28 07:31:13.5",18814,631,0.3,13.56,39,1.241,-108,-9.8292,2,8,0.9,3110.6,0,0.02068334,-0.16382,3,28,9,49,9,210000
"2019-03-28 07:31:14",18815,632,0.3,13.55,39,1.2415,-108,-9.8319,2,9,0.9,3109.9,0,0.02069167,-0.163865,3,28,9,49,30,30000
"2019-03-28 07:31:14.75",18816,633,0.3,13.55,39,1.2418,-108,-9.8338,2,8,1.1,3111.4,0,0.02069667,-0.1638967,3,28,9,49,46,970000
"2019-03-28 07:31:15.5",18817,634,0.3,13.55,39,1.2416,-108,-9.8352,2,7.00000,1.3,3112.2,0,0.02069333,-0.16392,3,28,9,50,8,510000
"2019-03-28 07:31:16",18818,635,0.3,13.55,39,1.2421,-108,-9.8375,2,7.00000,1.3,3112.6,0,0.02070167,-0.1639583,3,28,9,50,25,130000
"2019-03-28 07:31:16.75",18819,636,0.3,13.55,39,1.2413,-108,-9.8391,2,8,1.2,3112.8,0,0.02068833,-0.163985,3,28,9,50,46,720000
"2019-03-28 07:31:17.25",18820,637,0.3,13.55,39,1.2417,-108,-9.8398,2,8,1.2,3112.9,0,0.020695,-0.1639967,3,28,9,51,13,980000
"2019-03-28 07:31:17.75",18821,638,0.3,13.55,39,1.2417,-108,-9.8398,2,7.00000,1.3,3112.9,0,0.020695,-0.1639967,3,28,9,51,19,620000
"2019-03-28 07:31:18",18822,639,0.3,13.55,39,1.2411,-108,-9.8411,2,7.00000,1.7,3112.7,0,0.020685,-0.1640183,3,28,9,51,50,280000
"2019-03-28 07:31:18.5",18823,640,0.3,13.55,39,1.2408,-108,-9.8448,2,8,1.1,3111.4,0,0.02068,-0.16408,3,28,9,52,21,980000
"2019-03-28 07:31:19",18824,641,0.3,13.55,39,1.242,-108,-9.8472,2,7.00000,1.3,3110.9,0,0.0207,-0.16412,3,28,9,53,8,500000
"2019-03-28 07:31:19.75",18825,642,0.3,13.55,39,1.2417,-108,-9.8486,2,7.00000,1.3,3110.4,0,0.020695,-0.1641433,3,28,9,53,37,60000
"2019-03-28 07:31:20.25",18826,643,0.3,13.55,39,1.2433,-108,-9.8521,2,8,1.1,3110,0,0.02072167,-0.1642017,3,28,9,54,11,530000
"2019-03-28 07:31:20.75",18827,644,0.3,13.55,39,1.2434,-108,-9.8541,2,7.00000,1.3,3110.6,0,0.02072333,-0.164235,3,28,9,54,31,570000
"2019-03-28 07:31:21.5",18828,645,0.3,13.55,39,1.2431,-108,-9.8561,2,7.00000,1.3,3110.4,0,0.02071833,-0.1642683,3,28,9,54,56,530000
"2019-03-28 07:31:22.25",18829,646,0.3,13.55,39,1.2419,-108,-9.8586,2,6,1.9,3109.9,0,0.02069833,-0.16431,3,28,9,55,18,970000
"2019-03-28 07:31:23",18830,647,0.3,13.55,39,1.2421,-108,-9.8595,2,7.00000,1.3,3109.9,0,0.02070167,-0.164325,3,28,9,55,46,20000
"2019-03-28 07:31:23.75",18831,648,0.3,13.55,39,1.2421,-108,-9.8616,2,6,2,3110.6,0,0.02070167,-0.16436,3,28,9,56,21,300000
"2019-03-28 07:31:24.25",18832,649,0.3,13.55,39,1.242,-108,-9.8624,2,7.00000,1.3,3110.4,0,0.0207,-0.1643733,3,28,9,59,58,550000
"2019-03-28 07:31:24.75",18833,650,0.3,13.54,39,1.2407,-108,-9.8631,2,6,1.4,3109.8,0,0.02067833,-0.164385,3,28,10,0,49,880000
"2019-03-28 07:31:25.25",18834,651,0.3,13.54,39,1.2399,-108,-9.8623,2,7.00000,1.3,3108.3,0,0.020665,-0.1643717,3,28,10,1,5,690000
"2019-03-28 07:31:25.75",18835,652,0.3,13.54,39,1.2388,-108,-9.8629,2,9,1.2,3108.9,0,0.02064667,-0.1643817,3,28,10,1,55,800000
"2019-03-28 07:31:26.5",18836,653,0.3,13.54,39,1.2365,-108,-9.8617,2,9,0.9,3107.8,0,0.02060833,-0.1643617,3,28,10,2,33,740000
"2019-03-28 07:31:27.25",18837,654,0.3,13.54,39,1.235,-108,-9.860601,2,8,1.2,3106.9,0,0.02058333,-0.1643433,3,28,10,2,54,40000
"2019-03-28 07:31:28",18838,655,0.3,13.54,39,1.2332,-108,-9.859199,2,7.00000,1.2,3107.7,0,0.02055333,-0.16432,3,28,10,3,20,870000
"2019-03-28 07:31:28.75",18839,656,0.3,13.54,39,1.2319,-108,-9.8579,2,9,0.9,3107.5,0,0.02053167,-0.1642983,3,28,10,3,46,260000
"2019-03-28 07:31:29.5",18840,657,0.3,13.54,39,1.2314,-108,-9.8549,2,9,0.9,3107.7,0,0.02052333,-0.1642483,3,28,10,4,16,70000
"2019-03-28 07:31:30",18841,658,0.3,13.54,39,1.2314,-108,-9.8545,2,8,1.3,3107.6,0,0.02052333,-0.1642417,3,28,10,4,46,710000
"2019-03-28 07:31:30.75",18842,659,0.3,13.54,39,1.2305,-108,-9.8535,2,8,1.3,3108.7,0,0.02050833,-0.164225,3,28,10,5,14,210000
"2019-03-28 07:31:31.25",18843,660,0.3,13.54,39,1.2277,-108,-9.851,2,8,1.3,3107.1,0,0.02046167,-0.1641833,3,28,10,5,33,940000
"2019-03-28 07:31:32.25",18844,661,0.3,13.54,39,1.2266,-108,-9.850799,2,9,0.9,3105.7,0,0.02044333,-0.16418,3,28,10,6,6,300000
"2019-03-28 07:31:32.75",18845,662,0.3,13.54,39,1.2249,-108,-9.85,2,8,1.3,3104,0,0.020415,-0.1641667,3,28,10,6,34,560000
"2019-03-28 07:31:33.5",18846,663,0.3,13.54,39,1.2247,-108,-9.8486,2,9,0.9,3103.7,0,0.02041167,-0.1641433,3,28,10,7.00000,7.00000,220000
"2019-03-28 07:31:34.25",18847,664,0.3,13.53,39,1.2249,-108,-9.846,2,9,1.2,3105.3,0,0.020415,-0.1641,3,28,10,7.00000,26,980000
"2019-03-28 07:31:34.75",18848,665,0.3,13.54,39,1.2237,-108,-9.845199,2,8,1.2,3105.4,0,0.020395,-0.1640867,3,28,10,7.00000,53,170000
"2019-03-28 07:31:35.5",18849,666,0.3,13.53,39,1.2231,-108,-9.8425,2,8,1,3105.1,0,0.020385,-0.1640417,3,28,10,9,48,920000
"2019-03-28 07:31:36",18850,667,0.3,13.53,39,1.2215,-108,-9.841601,2,9,0.9,3103.6,0,0.02035833,-0.1640267,3,28,10,10,7.00000,630000
"2019-03-28 07:31:36.75",18851,668,0.3,13.53,39,1.221,-108,-9.8408,2,9,0.9,3104.1,0,0.02035,-0.1640133,3,28,10,10,33,400000
"2019-03-28 07:31:37.5",18852,669,0.3,13.53,39,1.2187,-108,-9.8386,2,9,0.9,3105.1,0,0.02031167,-0.1639767,3,28,10,11,54,180000
"2019-03-28 07:31:38",18853,670,0.3,13.53,39,1.2161,-108,-9.8349,2,9,0.9,3104.9,0,0.02026833,-0.163915,3,28,10,12,19,690000
"2019-03-28 07:31:38.75",18854,671,0.3,13.53,39,1.2148,-108,-9.8329,2,9,0.9,3104.9,0,0.02024667,-0.1638817,3,28,10,12,40,160000
"2019-03-28 07:31:39.25",18855,672,0.3,13.53,39,1.2141,-108,-9.8321,2,9,0.9,3104.2,0,0.020235,-0.1638683,3,28,10,12,53,330000
"2019-03-28 07:31:40",18856,673,0.3,13.53,39,1.2123,-108,-9.8303,2,8,1,3104.8,0,0.020205,-0.1638383,3,28,10,13,8,840000
"2019-03-28 07:31:40.5",18857,674,0.3,13.53,39,1.211,-108,-9.8294,2,9,0.9,3103,0,0.02018333,-0.1638233,3,28,10,13,30,10000
"2019-03-28 07:31:41.25",18858,675,0.3,13.53,39,1.2089,-108,-9.826899,2,8,1,3102.2,0,0.02014833,-0.1637817,3,28,10,13,47,470000
"2019-03-28 07:31:42",18859,676,0.3,13.53,39,1.2083,-108,-9.8247,2,9,0.9,3103.1,0,0.02013833,-0.163745,3,28,10,14,6,430000
"2019-03-28 07:31:42.75",18860,677,0.3,13.53,39,1.2077,-108,-9.8229,2,8,1,3102.5,0,0.02012833,-0.163715,3,28,10,14,24,680000
"2019-03-28 07:31:43.25",18861,678,0.3,13.53,39,1.2065,-108,-9.820599,2,9,0.9,3102.4,0,0.02010833,-0.1636767,3,28,10,14,45,800000
"2019-03-28 07:31:43.75",18862,679,0.3,13.53,39,1.2052,-108,-9.819,2,8,1,3102.7,0,0.02008667,-0.16365,3,28,10,15,9,300000
"2019-03-28 07:31:44.25",18863,680,0.3,13.53,39,1.2037,-108,-9.8168,2,9,0.9,3102.9,0,0.02006167,-0.1636133,3,28,10,15,45,340000
"2019-03-28 07:31:44.75",18864,681,0.3,13.53,39,1.2017,-108,-9.8145,2,8,1,3102.3,0,0.02002833,-0.163575,3,28,10,16,4,260000
"2019-03-28 07:31:45.5",18865,682,0.3,13.53,39,1.1998,-108,-9.8137,2,8,1,3102.3,0,0.01999667,-0.1635617,3,28,10,16,23,750000
"2019-03-28 07:31:46",18866,683,0.3,13.53,39,1.1977,-108,-9.812199,2,8,1,3100.9,0,0.01996167,-0.1635367,3,28,10,17,2,120000
"2019-03-28 07:31:46.75",18867,684,0.3,13.53,39,1.197,-108,-9.809301,2,9,0.9,3099.8,0,0.01995,-0.1634883,3,28,10,17,35,780000
"2019-03-28 07:31:47.5",18868,685,0.3,13.53,39,1.1969,-108,-9.8068,2,9,0.9,3098.3,0,0.01994833,-0.1634467,3,28,10,17,57,810000
"2019-03-28 07:31:48.25",18869,686,0.3,13.53,39,1.1952,-108,-9.8054,2,8,1,3099.7,0,0.01992,-0.1634233,3,28,10,18,21,370000
"2019-03-28 07:31:49.25",18870,687,0.3,13.53,39,1.1938,-108,-9.8031,2,8,1,3099.7,0,0.01989667,-0.163385,3,28,10,18,39,320000
"2019-03-28 07:31:50",18871,688,0.3,13.53,39,1.1928,-108,-9.801601,2,9,0.9,3099.5,0,0.01988,-0.16336,3,28,10,19,50,660000
"2019-03-28 07:31:50.75",18872,689,0.3,13.52,39,1.1918,-108,-9.798801,2,9,0.9,3098.1,0,0.01986333,-0.1633133,3,28,10,20,31,50000
"2019-03-28 07:31:51.25",18873,690,0.3,13.53,39,1.1902,-108,-9.7977,2,9,0.9,3098.1,0,0.01983667,-0.163295,3,28,10,20,53,380000
"2019-03-28 07:31:52",18874,691,0.3,13.52,39,1.1894,-108,-9.7966,2,9,0.9,3098,0,0.01982333,-0.1632767,3,28,10,21,36,660000
"2019-03-28 07:31:52.75",18875,692,0.3,13.52,39,1.1873,-108,-9.792499,2,9,0.9,3097.8,0,0.01978833,-0.1632083,3,28,10,21,56,500000
"2019-03-28 07:31:53.25",18876,693,0.3,13.52,39,1.1864,-108,-9.7901,2,9,0.9,3095.8,0,0.01977333,-0.1631683,3,28,10,22,42,100000
"2019-03-28 07:31:54",18877,694,0.3,13.52,39,1.1872,-108,-9.7907,2,9,0.9,3096.7,0,0.01978667,-0.1631783,3,28,10,23,31,630000
"2019-03-28 07:31:54.5",18878,695,0.3,13.52,39,1.1892,-108,-9.7913,2,9,0.9,3096.7,0,0.01982,-0.1631883,3,28,10,23,49,890000
"2019-03-28 07:31:55.25",18879,696,0.3,13.52,39,1.1911,-108,-9.7916,2,9,0.9,3097.5,0,0.01985167,-0.1631933,3,28,10,24,14,200000
"2019-03-28 07:31:56",18880,697,0.3,13.52,39,1.1931,-108,-9.7916,2,9,0.9,3098.4,0,0.019885,-0.1631933,3,28,10,24,33,880000
"2019-03-28 07:31:56.5",18881,698,0.3,13.52,39,1.1943,-108,-9.7917,2,9,0.9,3097.9,0,0.019905,-0.163195,3,28,10,24,56,600000
"2019-03-28 07:31:57",18882,699,0.3,13.52,39,1.1969,-108,-9.791799,2,8,1,3099,0,0.01994833,-0.1631967,3,28,10,25,15,360000
"2019-03-28 07:31:57.75",18883,700,0.3,13.52,39,1.1989,-108,-9.791799,2,9,0.9,3099,0,0.01998167,-0.1631967,3,28,10,25,39,20000
"2019-03-28 07:31:58.25",18884,701,0.3,13.52,39,1.2011,-108,-9.7914,2,9,0.9,3099.3,0,0.02001833,-0.16319,3,28,10,26,26,360000
"2019-03-28 07:31:59",18885,702,0.3,13.52,39,1.2034,-108,-9.7912,2,9,0.9,3098.6,0,0.02005667,-0.1631867,3,28,10,26,44,690000
"2019-03-28 07:31:59.75",18886,703,0.3,13.52,39,1.2054,-108,-9.7916,2,8,1,3099.6,0,0.02009,-0.1631933,3,28,10,27,2,130000
"2019-03-28 07:32:00.25",18887,704,0.3,13.52,39,1.2076,-108,-9.7913,2,8,1,3099,0,0.02012667,-0.1631883,3,28,10,27,30,240000
"2019-03-28 07:32:00.75",18888,705,0.3,13.52,39,1.2107,-108,-9.7912,2,9,0.9,3099.9,0,0.02017833,-0.1631867,3,28,10,27,52,690000
"2019-03-28 07:32:01.5",18889,706,0.3,13.52,39,1.213,-108,-9.7909,2,9,0.9,3099.2,0,0.02021667,-0.1631817,3,28,10,28,9,820000
"2019-03-28 07:32:02",18890,707,0.3,13.51,39,1.2149,-108,-9.7919,2,10,0.8,3099.9,0,0.02024833,-0.1631983,3,28,10,28,28,540000
"2019-03-28 07:32:02.5",18891,708,0.3,13.52,39,1.2173,-108,-9.7917,2,9,0.9,3100.5,0,0.02028834,-0.163195,3,28,10,28,52,600000
"2019-03-28 07:32:03.25",18892,709,0.3,13.52,39,1.2192,-108,-9.7916,2,9,0.9,3101.3,0,0.02032,-0.1631933,3,28,10,29,19,310000
"2019-03-28 07:32:03.75",18893,710,0.3,13.52,39,1.2211,-108,-9.7923,2,9,0.9,3101.2,0,0.02035167,-0.163205,3,28,10,29,38,930000
"2019-03-28 07:32:04.25",18894,711,0.3,13.51,39,1.222,-108,-9.793199,2,10,0.8,3100.6,0,0.02036667,-0.16322,3,28,10,30,5,720000
"2019-03-28 07:32:05",18895,712,0.3,13.52,39,1.2234,-108,-9.7929,2,9,0.9,3099.7,0,0.02039,-0.163215,3,28,10,30,28,790000
"2019-03-28 07:32:05.75",18896,713,0.3,13.51,39,1.2244,-108,-9.792499,2,9,0.9,3099.7,0,0.02040667,-0.1632083,3,28,10,30,50,360000
"2019-03-28 07:32:06.25",18897,714,0.3,13.51,39,1.2262,-108,-9.792,2,9,0.9,3099.6,0,0.02043667,-0.1632,3,28,10,31,26,220000
"2019-03-28 07:32:07",18898,715,0.3,13.51,39,1.2264,-108,-9.792,2,10,0.8,3099.6,0,0.02044,-0.1632,3,28,10,31,47,350000
"2019-03-28 07:32:07.5",18899,716,0.3,13.51,39,1.2283,-108,-9.7929,2,10,0.8,3100,0,0.02047167,-0.163215,3,28,10,32,6,460000
"2019-03-28 07:32:08.25",18900,717,0.3,13.52,39,1.232,-108,-9.7926,2,9,0.9,3100.8,0,0.02053333,-0.16321,3,28,10,32,28,550000
"2019-03-28 07:32:08.75",18901,718,0.3,13.51,39,1.2336,-108,-9.7927,2,10,0.8,3101.1,0,0.02056,-0.1632117,3,28,10,32,46,430000
"2019-03-28 07:32:09.5",18902,601,0.242,13.41,39,0.9532,-108,-7.3679,2,10,0.9,3148.2,-0.004,0.01588667,-0.1227983,3,28,12,39,19,420000
"2019-03-28 07:32:10",18903,602,0.3,13.41,39,0.9522,-108,-7.3685,2,10,0.9,3147.6,0,0.01587,-0.1228083,3,28,12,39,53,190000
"2019-03-28 07:32:10.75",18904,603,0.3,13.4,39,0.95,-108,-7.3702,2,10,0.9,3147.9,0,0.01583333,-0.1228367,3,28,12,40,10,410000
"2019-03-28 07:32:11.5",18905,604,0.3,13.4,39,0.9492,-108,-7.3705,2,10,0.9,3148.2,0,0.01582,-0.1228417,3,28,12,40,26,940000
"2019-03-28 07:32:12.25",18906,605,0.3,13.4,39,0.9481,-108,-7.3704,2,10,0.9,3148.5,0,0.01580167,-0.12284,3,28,12,40,44,20000
"2019-03-28 07:32:12.75",18907,606,0.3,13.4,39,0.9464,-108,-7.3724,2,10,0.9,3148.6,0,0.01577333,-0.1228733,3,28,12,41,15,520000
"2019-03-28 07:32:13.5",18908,607,0.3,13.4,39,0.945,-108,-7.3738,2,11,0.8,3147.3,0,0.01575,-0.1228967,3,28,12,41,38,730000
"2019-03-28 07:32:14.25",18909,608,0.3,13.4,39,0.9436,-108,-7.3749,2,11,0.8,3146,0,0.01572667,-0.122915,3,28,12,41,55,830000
"2019-03-28 07:32:15",18910,609,0.3,13.4,39,0.9422,-108,-7.3766,2,11,0.8,3146,0,0.01570333,-0.1229433,3,28,12,42,10,650000
"2019-03-28 07:32:15.75",18911,610,0.3,13.4,39,0.9413,-108,-7.3782,2,11,0.8,3145.4,0,0.01568833,-0.12297,3,28,12,42,29,660000
"2019-03-28 07:32:16.5",18912,611,0.3,13.4,39,0.94,-108,-7.3779,2,11,0.8,3145.6,0,0.01566667,-0.122965,3,28,12,42,50,90000
"2019-03-28 07:32:17.25",18913,612,0.242,13.4,39,0.9384,-108,-7.3791,2,11,0.8,3146.2,-0.004,0.01564,-0.122985,3,28,12,43,7.00000,380000
"2019-03-28 07:32:18",18914,613,0.3,13.4,39,0.9366,-108,-7.3796,2,11,0.8,3144.8,0,0.01561,-0.1229933,3,28,12,43,28,670000
"2019-03-28 07:32:18.5",18915,614,0.3,13.4,39,0.9354,-108,-7.3811,2,11,0.8,3145.5,0,0.01559,-0.1230183,3,28,12,43,45,610000
"2019-03-28 07:32:19",18916,615,0.3,13.4,39,0.9347,-108,-7.3812,2,11,0.8,3144.6,0,0.01557833,-0.12302,3,28,12,44,5,210000
"2019-03-28 07:32:19.75",18917,616,0.3,13.4,39,0.9325,-108,-7.3826,2,11,0.8,3145,0,0.01554167,-0.1230433,3,28,12,44,26,650000
"2019-03-28 07:32:20.5",18918,617,0.3,13.4,39,0.9312,-108,-7.3849,2,11,0.8,3145.1,0,0.01552,-0.1230817,3,28,12,44,46,10000
"2019-03-28 07:32:21.25",18919,618,0.3,13.4,39,0.9301,-108,-7.3868,2,11,0.8,3144.8,0,0.01550167,-0.1231133,3,28,12,45,5,190000
"2019-03-28 07:32:22",18920,619,0.242,13.4,39,0.9292,-108,-7.3877,2,10,0.9,3144.2,-0.004,0.01548667,-0.1231283,3,28,12,45,35,100000
"2019-03-28 07:32:22.75",18921,620,0.3,13.4,39,0.9283,-108,-7.3889,2,11,0.8,3145.3,0,0.01547167,-0.1231483,3,28,12,46,4,740000
"2019-03-28 07:32:23.5",18922,621,0.3,13.4,39,0.9262,-108,-7.3891,2,11,0.8,3144.6,0,0.01543667,-0.1231517,3,28,12,46,38,220000
"2019-03-28 07:32:24.25",18923,622,0.3,13.4,39,0.9252,-108,-7.3902,2,11,0.8,3145.6,0,0.01542,-0.12317,3,28,12,46,55,500000
"2019-03-28 07:32:25",18924,623,0.3,13.4,39,0.9238,-108,-7.3917,2,11,0.8,3145,0,0.01539667,-0.123195,3,28,12,47,33,780000
"2019-03-28 07:32:25.75",18925,624,0.3,13.4,39,0.9228,-108,-7.3918,2,11,0.8,3143.8,0,0.01538,-0.1231967,3,28,12,48,6,270000
"2019-03-28 07:32:26.5",18926,625,0.3,13.4,39,0.922,-108,-7.3927,2,11,0.8,3143.3,0,0.01536667,-0.1232117,3,28,12,48,29,850000
"2019-03-28 07:32:27",18927,626,0.242,13.4,39,0.9206,-108,-7.3933,2,11,0.8,3142.6,-0.004,0.01534333,-0.1232217,3,28,12,49,30,580000
"2019-03-28 07:32:27.75",18928,627,0.3,13.4,39,0.9181,-108,-7.3945,2,11,0.8,3141.5,0,0.01530167,-0.1232417,3,28,12,50,28,810000
"2019-03-28 07:32:28.5",18929,628,0.242,13.4,39,0.917,-108,-7.3964,2,11,0.8,3141,-0.004,0.01528333,-0.1232733,3,28,12,51,8,340000
"2019-03-28 07:32:29.25",18930,629,0.242,13.4,39,0.9151,-108,-7.3976,2,11,0.8,3141.2,-0.004,0.01525167,-0.1232933,3,28,12,51,54,130000
"2019-03-28 07:32:30",18931,630,0.3,13.39,39,0.912,-108,-7.4003,2,10,0.8,3140.2,0,0.0152,-0.1233383,3,28,12,54,25,470000
"2019-03-28 07:32:31",18932,631,0.3,13.39,39,0.9105,-108,-7.4014,2,11,0.8,3140.1,0,0.015175,-0.1233567,3,28,12,54,52,970000
"2019-03-28 07:32:31.75",18933,632,0.242,13.39,39,0.9102,-108,-7.4025,2,11,0.8,3140.2,-0.004,0.01517,-0.123375,3,28,12,55,29,980000
"2019-03-28 07:32:32.5",18934,633,0.3,13.39,39,0.9102,-108,-7.4024,2,10,0.8,3140.2,0,0.01517,-0.1233733,3,28,12,55,33,490000
"2019-03-28 07:32:33.25",18935,634,0.3,13.39,39,0.9096,-108,-7.4032,2,10,0.8,3140.7,0,0.01516,-0.1233867,3,28,12,56,18,470000
"2019-03-28 07:32:34",18936,635,0.3,13.38,39,0.9081,-108,-7.4042,2,10,0.9,3140.7,0,0.015135,-0.1234033,3,28,12,57,25,500000
"2019-03-28 07:32:34.5",18937,636,0.3,13.38,39,0.907,-108,-7.4055,2,10,0.9,3140.2,0,0.01511667,-0.123425,3,28,12,57,49,500000
"2019-03-28 07:32:35.25",18938,637,0.242,13.38,39,0.9051,-108,-7.4065,2,10,0.8,3140.6,-0.004,0.015085,-0.1234417,3,28,12,58,9,200000
"2019-03-28 07:32:36",18939,638,0.3,13.38,39,0.9045,-108,-7.408,2,10,1.1,3139.6,0,0.015075,-0.1234667,3,28,12,58,26,550000
"2019-03-28 07:32:36.75",18940,639,0.3,13.38,39,0.9024,-108,-7.4092,2,10,0.8,3140.4,0,0.01504,-0.1234867,3,28,12,58,48,350000
"2019-03-28 07:32:37.5",18941,640,0.3,13.39,39,0.9021,-108,-7.4109,2,10,0.9,3139.5,0,0.015035,-0.123515,3,28,12,59,9,480000
"2019-03-28 07:32:38.25",18942,641,0.3,13.38,39,0.9014,-108,-7.4122,2,10,0.8,3139.6,0,0.01502333,-0.1235367,3,28,12,59,35,790000
"2019-03-28 07:32:39",18943,642,0.3,13.39,39,0.8992,-108,-7.4138,2,10,0.8,3140,0,0.01498667,-0.1235633,3,28,12,59,54,30000
"2019-03-28 07:32:39.75",18944,643,0.3,13.39,39,0.8973,-108,-7.4148,2,10,0.9,3142.5,0,0.014955,-0.12358,3,28,13,1,17,720000
"2019-03-28 07:32:40.5",18945,644,0.3,13.39,39,0.8965,-108,-7.4156,2,10,0.9,3141.8,0,0.01494167,-0.1235933,3,28,13,1,40,690000
"2019-03-28 07:32:41.25",18946,645,0.3,13.39,39,0.895,-108,-7.4187,2,10,0.9,3144.7,0,0.01491667,-0.123645,3,28,13,2,3,220000
"2019-03-28 07:32:42",18947,646,0.3,13.38,39,0.893,-108,-7.4178,2,10,0.9,3143.7,0,0.01488333,-0.12363,3,28,13,2,29,90000
"2019-03-28 07:32:42.75",18948,647,0.3,13.38,39,0.8923,-108,-7.4191,2,10,0.9,3143,0,0.01487167,-0.1236517,3,28,13,4,58,610000
"2019-03-28 07:32:43.5",18949,648,0.3,13.38,39,0.8917,-108,-7.4199,2,10,0.9,3142.3,0,0.01486167,-0.123665,3,28,13,5,24,810000
"2019-03-28 07:32:44.25",18950,649,0.3,13.38,39,0.8901,-108,-7.422,2,10,0.9,3141.5,0,0.014835,-0.1237,3,28,13,5,52,710000
"2019-03-28 07:32:45",18951,650,0.3,13.38,39,0.889,-108,-7.4219,2,10,0.9,3141.5,0,0.01481667,-0.1236983,3,28,13,14,7.00000,620000
"2019-03-28 07:32:45.75",18952,651,0.3,13.38,39,0.8882,-108,-7.4229,2,10,0.9,3138.8,0,0.01480333,-0.123715,3,28,13,14,57,110000
"2019-03-28 07:32:46.5",18953,652,0.3,13.38,39,0.8867,-108,-7.4244,2,9,1,3138,0,0.01477833,-0.12374,3,28,13,15,21,180000
"2019-03-28 07:32:47.25",18954,653,0.242,13.38,39,0.886,-108,-7.4259,2,9,1,3138.9,-0.004,0.01476667,-0.123765,3,28,13,15,49,870000
"2019-03-28 07:32:48",18955,654,0.3,13.38,39,0.8847,-108,-7.4272,2,9,1,3138.2,0,0.014745,-0.1237867,3,28,13,16,42,80000
"2019-03-28 07:32:48.5",18956,655,0.3,13.38,39,0.8838,-108,-7.4281,2,8,1.1,3137.3,0,0.01473,-0.1238017,3,28,13,17,17,820000
"2019-03-28 07:32:49.25",18957,656,0.3,13.37,39,0.8834,-108,-7.4289,2,10,0.9,3137.8,0,0.01472333,-0.123815,3,28,13,17,35,160000
"2019-03-28 07:32:50",18958,657,0.3,13.37,39,0.8823,-108,-7.4323,2,10,0.9,3137.8,0,0.014705,-0.1238717,3,28,13,18,18,560000
"2019-03-28 07:32:50.75",18959,658,0.3,13.37,39,0.8816,-108,-7.4334,2,10,0.9,3137.9,0,0.01469333,-0.12389,3,28,13,18,46,540000
"2019-03-28 07:32:51.5",18960,659,0.3,13.38,39,0.8818,-108,-7.4339,2,10,0.9,3138.1,0,0.01469667,-0.1238983,3,28,13,19,19,820000
"2019-03-28 07:32:52",18961,660,0.3,13.37,39,0.8821,-108,-7.435,2,9,1,3138.8,0,0.01470167,-0.1239167,3,28,13,19,41,670000
"2019-03-28 07:32:52.75",18962,661,0.3,13.37,39,0.8822,-108,-7.4356,2,10,0.9,3138.9,0,0.01470333,-0.1239267,3,28,13,20,25,760000
"2019-03-28 07:32:53.5",18963,662,0.3,13.37,39,0.8827,-108,-7.4359,2,10,1,3139.3,0,0.01471167,-0.1239317,3,28,13,22,41,910000
"2019-03-28 07:32:54.25",18964,663,0.3,13.37,39,0.8826,-108,-7.4369,2,10,1,3138.8,0,0.01471,-0.1239483,3,28,13,23,18,850000
"2019-03-28 07:32:55",18965,664,0.242,13.37,39,0.8828,-108,-7.437,2,10,1,3138.8,-0.004,0.01471333,-0.12395,3,28,13,24,6,90000
"2019-03-28 07:32:55.75",18966,665,0.3,13.37,39,0.8827,-108,-7.4378,2,10,1,3138.8,0,0.01471167,-0.1239633,3,28,13,26,13,70000
"2019-03-28 07:32:56.5",18967,666,0.3,13.37,39,0.8839,-108,-7.442,2,10,1,3139.3,0,0.01473167,-0.1240333,3,28,13,26,59,570000
"2019-03-28 07:32:57",18968,667,0.3,13.37,39,0.8846,-108,-7.4444,2,9,1,3139.3,0,0.01474333,-0.1240733,3,28,13,27,21,700000
"2019-03-28 07:32:57.75",18969,668,0.3,13.37,39,0.8857,-108,-7.4467,2,9,1.1,3138.4,0,0.01476167,-0.1241117,3,28,13,28,1,480000
"2019-03-28 07:32:58.5",18970,669,0.3,13.37,39,0.8861,-108,-7.4483,2,10,1,3138,0,0.01476833,-0.1241383,3,28,13,28,31,420000
"2019-03-28 07:32:59.25",18971,670,0.3,13.37,39,0.8862,-108,-7.4512,2,10,1,3137.8,0,0.01477,-0.1241867,3,28,13,28,54,660000
"2019-03-28 07:33:00",18972,671,0.3,13.37,39,0.8867,-108,-7.4518,2,10,1,3137.9,0,0.01477833,-0.1241967,3,28,13,29,59,400000
"2019-03-28 07:33:00.75",18973,672,0.3,13.37,39,0.888,-108,-7.4531,2,10,1,3138.3,0,0.0148,-0.1242183,3,28,13,30,28,480000
"2019-03-28 07:33:01.5",18974,673,0.3,13.37,39,0.8901,-108,-7.4543,2,10,1,3137,0,0.014835,-0.1242383,3,28,13,30,53,700000
"2019-03-28 07:33:02.25",18975,674,0.3,13.37,39,0.8919,-108,-7.4566,2,9,1,3137.6,0,0.014865,-0.1242767,3,28,13,31,17,30000
"2019-03-28 07:33:03",18976,675,0.3,13.37,39,0.8939,-108,-7.4579,2,8,1.1,3138.3,0,0.01489833,-0.1242983,3,28,13,31,36,650000
"2019-03-28 07:33:03.75",18977,676,0.3,13.37,39,0.8963,-108,-7.4582,2,10,1,3138.7,0,0.01493833,-0.1243033,3,28,13,32,3,560000
"2019-03-28 07:33:04.5",18978,677,0.3,13.31,39,1.6895,-108,-3.117,2,8,1,3268,0,0.02815833,-0.05195,3,28,15,27,37,560000
"2019-03-28 07:33:05.25",18979,678,0.3,13.31,39,1.6132,-108,-3.08,2,8,1,3271.2,0,0.02688667,-0.05133333,3,28,15,27,52,370000
"2019-03-28 07:33:06",18980,679,0.3,13.29,39,1.609,-108,-3.0766,2,8,1,3271.3,0,0.02681667,-0.05127667,3,28,15,27,53,420000
"2019-03-28 07:33:08",18981,680,0.3,13.3,39,1.5652,-108,-3.0255,2,8,0.9,3274.7,0,0.02608667,-0.050425,3,28,15,28,8,440000
"2019-03-28 07:33:09",18982,681,0.3,13.3,39,1.6317,-108,-2.5242,2,9,1.2,3298.6,0,0.027195,-0.04207,3,28,15,29,43,840000
"2019-03-28 07:33:09.5",18983,682,0.3,13.3,39,1.6347,-108,-2.5202,2,9,1,3298.6,0,0.027245,-0.04200333,3,28,15,29,45,30000
"2019-03-28 07:33:11",18984,683,0.3,13.3,39,1.6494,-108,-2.4963,2,9,1,3300.3,0,0.02749,-0.041605,3,28,15,29,50,210000
"2019-03-28 07:33:11.75",18985,684,0.3,13.31,39,1.6434,-108,-2.4191,2,10,0.8,3307.5,0,0.02739,-0.04031833,3,28,15,30,5,540000
"2019-03-28 07:33:14.25",18986,685,0.3,13.3,39,1.6348,-108,-2.3925,2,9,0.9,3308.7,0,0.02724667,-0.039875,3,28,15,30,8,860000
"2019-03-28 07:33:16",18987,686,0.3,13.3,39,1.6314,-108,-2.307,2,9,0.9,3305.5,0,0.02719,-0.03845,3,28,15,30,21,730000
"2019-03-28 07:33:16.75",18988,687,0.3,13.3,39,1.6283,-108,-2.2444,2,10,0.8,3308.5,0,0.02713833,-0.03740667,3,28,15,30,33,80000
"2019-03-28 07:33:18.75",18989,688,0.3,13.3,39,1.4455,-108,-1.9472,2,10,0.8,3322.1,0,0.02409167,-0.03245333,3,28,15,31,32,440000
"2019-03-28 07:33:19.5",18990,689,0.3,13.3,39,1.4342,-108,-1.9223,2,8,1,3322.2,0,0.02390333,-0.03203833,3,28,15,31,36,810000
"2019-03-28 07:33:20.25",18991,690,0.3,13.3,39,1.4319,-108,-1.9166,2,10,0.8,3322.1,0,0.023865,-0.03194333,3,28,15,31,38,230000
"2019-03-28 07:33:21",18992,691,0.3,13.3,39,1.4268,-108,-1.9063,2,8,1,3322.1,0,0.02378,-0.03177167,3,28,15,31,40,430000
"2019-03-28 07:33:21.75",18993,692,0.3,13.31,39,1.3974,-108,-1.8338,2,10,0.8,3320.7,0,0.02329,-0.03056333,3,28,15,31,54,870000
"2019-03-28 07:33:22.5",18994,693,0.3,13.3,39,1.3747,-108,-1.7901,2,9,0.9,3319.1,0,0.02291167,-0.029835,3,28,15,32,5,360000
"2019-03-28 07:33:24.5",18995,694,0.3,13.31,39,1.327,-108,-1.732,2,10,0.8,3317.9,0,0.02211667,-0.02886667,3,28,15,32,20,730000
"2019-03-28 07:33:25.25",18996,695,0.3,13.3,39,1.3455,-108,-1.6971,2,10,0.8,3312.6,0,0.022425,-0.028285,3,28,15,32,27,140000
