"TOA5","15318","CR800","15318","CR800.Std.32.03","CPU:Kelly3_CR800.CR8","12630","OperatorView"
"TIMESTAMP","RECORD","Counter","DepthCm","BattVolts","latitude_a","latitude_b","Longitude_a","Longitude_b","fix_quality","nmbr_satellites","HDOP","altitudeB","DepthVolts","LatitudeDDDDD","LongitudeDDDDD","month","dayofmonth","hourofday","minutes","seconds","microseconds"
"TS","RN","","","","degrees","minutes","degrees","minutes","unitless","","","","","","","","","","","",""
"","","Smp","Smp","Smp","Smp","Smp","Smp","Smp","Smp","Smp","Smp","Smp","Smp","Smp","Smp","Smp","Smp","Smp","Smp","Smp","Smp"
"2018-12-17 15:23:39.75",0,100001,54,12.74,64,49.801,-147,-39.9996,1,3,2.8,"NAN",0,0.8300166,-0.66666,12,17,15,23,39,750000
"2018-12-17 15:23:40.5",1,100002,176.7,12.73,64,49.8007,-147,-40.0028,1,4,2.4,126.6,8.19,0.8300117,-0.6667134,12,17,15,23,40,500000
"2018-12-17 15:23:41",2,100003,176.7,12.73,64,49.8015,-147,-40.0038,1,4,2.4,126.6,8.19,0.830025,-0.66673,12,17,15,23,41,0
"2018-12-17 15:23:41.75",3,100004,54,12.74,64,49.7972,-147,-39.9967,1,4,2.4,126.2,0,0.8299533,-0.6666117,12,17,15,23,41,750000
"2018-12-17 15:30:50.75",4,100001,-0.054,12.73,64,49.8075,-147,-40.0037,1,4,2.2,128.6,-0.004,0.830125,-0.6667283,12,17,15,30,50,750000
"2018-12-17 15:30:51.75",5,100002,122.7,12.73,64,49.8051,-147,-40.0024,1,5,1.7,126.9,8.19,0.830085,-0.6667067,12,17,15,30,51,750000
"2018-12-17 15:30:52.5",6,100003,98.1,12.73,64,49.8038,-147,-39.9895,1,5,2.1,122.5,6.546,0.8300633,-0.6664916,12,17,15,30,52,500000
"2018-12-17 15:30:53.25",7,100004,122.7,12.73,64,49.8043,-147,-39.993,1,4,4,"NAN",8.19,0.8300716,-0.66655,12,17,15,30,53,250000
"2018-12-17 15:30:54",8,100005,122.7,12.73,64,49.801,-147,-39.9928,1,4,3.9,"NAN",8.19,0.8300166,-0.6665467,12,17,15,30,54,0
"2018-12-17 15:30:54.75",9,100006,0,12.74,64,49.8005,-147,-39.9877,1,4,2.3,123,0,0.8300083,-0.6664617,12,17,15,30,54,750000
"2018-12-17 15:30:55.5",10,100007,-0.054,12.73,64,49.8012,-147,-39.9885,1,4,2.3,122.7,-0.004,0.83002,-0.666475,12,17,15,30,55,500000
"2018-12-17 15:30:56.5",11,100008,77.9,12.74,64,49.8023,-147,-39.9871,1,4,14,"NAN",5.201,0.8300383,-0.6664516,12,17,15,30,56,500000
"2018-12-17 15:30:57.5",12,100009,10.57,12.74,64,49.801,-147,-39.985,1,4,2.3,122.2,0.706,0.8300166,-0.6664167,12,17,15,30,57,500000
"2018-12-17 15:30:58.5",13,100010,0,12.74,64,49.7997,-147,-39.9847,1,4,2.3,122.1,0,0.829995,-0.6664116,12,17,15,30,58,500000
"2018-12-17 15:30:59.25",14,100011,0,12.74,64,49.8028,-147,-39.9999,1,4,1.7,122.4,0,0.8300466,-0.666665,12,17,15,30,59,250000
"2018-12-17 15:30:59.75",15,100012,-0.054,12.74,64,49.8018,-147,-40.004,1,4,1.7,122.4,-0.004,0.83003,-0.6667334,12,17,15,30,59,750000
"2018-12-17 15:31:00.5",16,100013,-0.054,12.74,64,49.8013,-147,-40.0077,1,4,1.7,122.5,-0.004,0.8300217,-0.666795,12,17,15,31,0,500000
"2018-12-17 15:31:01.25",17,100014,-0.054,12.73,64,49.8014,-147,-40.0084,1,4,1.7,122.7,-0.004,0.8300234,-0.6668066,12,17,15,31,1,250000
"2018-12-17 15:31:02.25",18,100015,122.7,12.74,64,49.7991,-147,-40.0082,1,4,1.7,123.2,8.19,0.829985,-0.6668034,12,17,15,31,2,250000
"2018-12-17 15:31:03",19,100016,122.7,12.73,64,49.7983,-147,-40.0087,1,4,1.7,122.9,8.19,0.8299717,-0.6668117,12,17,15,31,3,0
"2018-12-17 15:31:03.75",20,100017,122.7,12.74,64,49.7988,-147,-40.0097,1,4,1.7,123,8.19,0.82998,-0.6668283,12,17,15,31,3,750000
"2018-12-17 15:31:04.25",21,100018,122.7,12.73,64,49.7978,-147,-40.0073,1,4,1.7,123.3,8.19,0.8299634,-0.6667883,12,17,15,31,4,250000
"2018-12-17 15:31:05",22,100019,0,12.75,64,49.7994,-147,-40.0038,1,5,1.5,125.7,0,0.82999,-0.66673,12,17,15,31,5,0
"2018-12-17 15:31:05.75",23,100020,-0.054,12.74,64,49.7978,-147,-40.0044,1,5,1.5,126.3,-0.004,0.8299634,-0.66674,12,17,15,31,5,750000
"2018-12-17 15:31:06.75",24,100021,0,12.75,64,49.7967,-147,-40.0029,1,4,3,126.6,0,0.829945,-0.666715,12,17,15,31,6,750000
"2018-12-17 15:31:07.5",25,100022,0,12.75,64,49.7967,-147,-40.0038,1,4,3,126.8,0,0.829945,-0.66673,12,17,15,31,7,500000
"2018-12-17 15:31:08.25",26,100023,0,12.75,64,49.7981,-147,-40.0048,1,4,3,126.8,0,0.8299683,-0.6667467,12,17,15,31,8,250000
"2018-12-17 15:31:08.75",27,100024,96.2,12.75,64,49.7979,-147,-40.0098,1,4,3,128.2,6.423,0.829965,-0.66683,12,17,15,31,8,750000
"2018-12-17 15:31:09.25",28,100025,122.7,12.74,64,49.7967,-147,-40.0114,1,5,2.9,128.6,8.19,0.829945,-0.6668566,12,17,15,31,9,250000
"2018-12-17 15:31:10",29,100026,46.96,12.74,64,49.7956,-147,-40.0101,1,5,2.9,129,3.135,0.8299266,-0.666835,12,17,15,31,10,0
"2018-12-17 15:31:10.75",30,100027,46.96,12.74,64,49.7976,-147,-40.0087,1,6,1.3,133.5,3.135,0.82996,-0.6668117,12,17,15,31,10,750000
"2019-01-03 12:54:47.5",31,10000,0,12.62,64,57.0845,-147,-37.2537,1,6,1.1,247,0,0.9514083,-0.620895,1,3,12,54,47,500000
"2019-01-03 12:54:47.75",32,10001,0,12.62,64,57.0833,-147,-37.2568,1,9,0.9,236.2,0,0.9513883,-0.6209467,1,3,12,54,47,750000
"2019-01-03 12:54:48.5",33,10002,122.7,12.62,64,57.0833,-147,-37.2568,1,9,0.9,235.9,8.19,0.9513883,-0.6209467,1,3,12,54,48,500000
"2019-01-03 12:54:49.25",34,10003,27.13,12.61,64,57.0833,-147,-37.2467,1,10,0.8,235.5,1.811,0.9513883,-0.6207783,1,3,12,54,49,250000
"2019-01-03 12:54:50",35,10004,33.56,12.61,64,57.0834,-147,-37.2465,1,10,0.8,235,2.241,0.95139,-0.620775,1,3,12,54,50,0
"2019-01-03 12:54:50.75",36,10005,30.51,12.61,64,57.0848,-147,-37.244,1,10,0.8,235,2.037,0.9514134,-0.6207333,1,3,12,54,50,750000
"2019-01-03 12:54:51.5",37,10006,31.66,12.61,64,57.0862,-147,-37.2429,1,10,0.8,235.2,2.113,0.9514367,-0.620715,1,3,12,54,51,500000
"2019-01-03 12:54:52.25",38,10007,27.03,12.61,64,57.0872,-147,-37.2411,1,10,0.8,235.3,1.804,0.9514534,-0.620685,1,3,12,54,52,250000
"2019-01-03 12:54:53",39,10008,27.24,12.61,64,57.0884,-147,-37.24,1,10,0.8,235.2,1.819,0.9514734,-0.6206667,1,3,12,54,53,0
"2019-01-03 12:54:53.5",40,10009,27.35,12.61,64,57.0894,-147,-37.2387,1,10,0.8,235.7,1.826,0.9514901,-0.620645,1,3,12,54,53,500000
"2019-01-03 12:54:54.25",41,10010,28.01,12.61,64,57.0905,-147,-37.2369,1,10,0.8,235.7,1.87,0.9515083,-0.620615,1,3,12,54,54,250000
"2019-01-03 12:54:55",42,10011,27.19,12.61,64,57.0918,-147,-37.2358,1,10,0.8,235.7,1.815,0.95153,-0.6205967,1,3,12,54,55,0
"2019-01-03 12:54:55.75",43,10012,27.9,12.61,64,57.0928,-147,-37.2346,1,10,0.8,235.7,1.862,0.9515466,-0.6205767,1,3,12,54,55,750000
"2019-01-03 12:54:56.5",44,10013,24.9,12.6,64,57.0868,-147,-37.2406,1,10,0.8,235.9,1.662,0.9514466,-0.6206767,1,3,12,54,56,500000
"2019-03-07 12:03:38.75",45,990001,0,14.03,64,49.8007,-147,-40.0301,1,5,1.2,138.2,0,0.8300117,-0.6671684,3,7,12,3,38,750000
"2019-03-07 12:17:37.5",46,990002,0,14.03,64,49.8032,-147,-40.0187,1,7,1.1,138.2,0,0.8300534,-0.6669783,3,7,12,17,37,500000
"2019-03-07 12:17:37.75",47,990003,122.7,14.02,64,49.8028,-147,-40.0201,1,7,1.1,139.3,8.19,0.8300466,-0.6670017,3,7,12,17,37,750000
"2019-03-07 12:17:38.5",48,990004,122.7,14.02,64,49.8031,-147,-40.0222,1,7,1.1,139.7,8.19,0.8300517,-0.6670367,3,7,12,17,38,500000
"2019-03-07 12:17:39.5",49,990005,89.3,14.03,64,49.8031,-147,-40.0227,1,7,1.1,138.2,5.964,0.8300517,-0.667045,3,7,12,17,39,500000
"2019-03-07 12:17:40",50,990006,20.43,14.02,64,49.8028,-147,-40.0231,1,7,1.1,137.9,1.364,0.8300466,-0.6670517,3,7,12,17,40,0
"2019-03-07 12:17:41",51,990007,97.5,14.03,64,49.8026,-147,-40.023,1,7,1.1,137.5,6.51,0.8300434,-0.66705,3,7,12,17,41,0
"2019-03-07 12:17:41.75",52,990008,112.6,14.02,64,49.8027,-147,-40.0228,1,7,1.1,137.4,7.517,0.830045,-0.6670467,3,7,12,17,41,750000
"2019-03-25 11:36:13.25",53,100001,0,13.18,39,2.089,-108,-11.9302,1,9,0.9,3053,0,0.03481667,-0.1988367,3,25,11,36,13,250000
"2019-03-25 11:40:54.25",54,100002,0,13.16,39,2.0888,-108,-11.9317,2,10,0.8,3052.7,0,0.03481333,-0.1988617,3,25,11,40,54,250000
"2019-03-25 11:41:08.75",55,100003,0,13.16,39,2.0888,-108,-11.932,2,10,0.8,3052,0,0.03481333,-0.1988667,3,25,11,41,8,750000
"2019-03-25 11:41:09",56,100004,0,13.12,39,2.0935,-108,-11.9321,2,10,0.8,3045.6,0,0.03489166,-0.1988683,3,25,11,41,9,0
"2019-03-25 11:41:09.75",57,100005,0,13.12,39,2.0964,-108,-11.9362,2,10,0.8,3045.6,0,0.03494,-0.1989367,3,25,11,41,9,750000
"2019-03-25 11:41:10.5",58,100006,0,13.1,39,2.0992,-108,-11.9362,2,10,0.8,3040.6,0,0.03498667,-0.1989367,3,25,11,41,10,500000
"2019-03-25 11:41:11",59,100007,0,13.1,39,2.1011,-108,-11.9361,2,10,0.8,3042.3,0,0.03501833,-0.198935,3,25,11,41,11,0
"2019-03-25 11:41:11.5",60,100008,0,13.1,39,2.1022,-108,-11.9378,2,10,0.8,3043.2,0,0.03503667,-0.1989633,3,25,11,41,11,500000
"2019-03-25 11:41:12.25",61,100009,0,13.1,39,2.1033,-108,-11.9383,2,10,0.8,3043.8,0,0.035055,-0.1989717,3,25,11,41,12,250000
"2019-03-25 11:41:13",62,100010,0,13.1,39,2.1048,-108,-11.9386,2,10,0.8,3042.7,0,0.03508,-0.1989767,3,25,11,41,13,0
"2019-03-25 11:41:13.75",63,100011,0,13.08,39,2.1058,-108,-11.9389,2,10,0.8,3044.4,0,0.03509666,-0.1989817,3,25,11,41,13,750000
"2019-03-25 11:41:14.5",64,100012,0,13.08,39,2.1072,-108,-11.9399,2,10,0.8,3044.5,0,0.03512,-0.1989983,3,25,11,41,14,500000
"2019-03-25 11:41:15.25",65,100013,0,13.08,39,2.1086,-108,-11.9403,2,10,0.8,3043.7,0,0.03514333,-0.199005,3,25,11,41,15,250000
"2019-03-25 11:41:15.75",66,100014,0,13.08,39,2.1095,-108,-11.9407,2,10,0.8,3043.9,0,0.03515833,-0.1990117,3,25,11,41,15,750000
"2019-03-25 11:41:16.5",67,100015,0,13.08,39,2.1098,-108,-11.9403,2,10,0.8,3043.5,0,0.03516334,-0.199005,3,25,11,41,16,500000
"2019-03-25 11:41:16.75",68,100016,0,13.08,39,2.111,-108,-11.9408,2,10,0.8,3044.9,0,0.03518333,-0.1990133,3,25,11,41,16,750000
"2019-03-25 11:41:17.25",69,100017,0,13.08,39,2.1125,-108,-11.9415,2,10,0.8,3043.8,0,0.03520833,-0.199025,3,25,11,41,17,250000
"2019-03-25 11:41:17.75",70,100018,0,13.09,39,2.1141,-108,-11.9415,2,10,0.8,3044.3,0,0.035235,-0.199025,3,25,11,41,17,750000
"2019-03-25 11:41:18.5",71,100019,0,13.08,39,2.1149,-108,-11.9421,2,10,0.8,3043.9,0,0.03524834,-0.199035,3,25,11,41,18,500000
"2019-03-25 11:41:19",72,100020,0,13.08,39,2.1167,-108,-11.9424,2,10,0.8,3043.4,0,0.03527833,-0.19904,3,25,11,41,19,0
"2019-03-25 11:41:19.75",73,100021,0,13.08,39,2.1193,-108,-11.9427,2,10,0.8,3042.4,0,0.03532166,-0.199045,3,25,11,41,19,750000
"2019-03-25 11:41:20.5",74,100022,0,13.08,39,2.1203,-108,-11.9437,2,10,0.8,3042.1,0,0.03533834,-0.1990617,3,25,11,41,20,500000
"2019-03-25 11:41:21",75,100023,0,13.08,39,2.122,-108,-11.9444,2,10,0.8,3042,0,0.03536666,-0.1990733,3,25,11,41,21,0
"2019-03-25 11:41:21.75",76,100024,0,13.08,39,2.1232,-108,-11.9441,2,10,0.8,3042.3,0,0.03538667,-0.1990683,3,25,11,41,21,750000
"2019-03-25 11:41:22.5",77,100025,0,13.07,39,2.1248,-108,-11.9447,2,10,0.8,3042.4,0,0.03541333,-0.1990783,3,25,11,41,22,500000
"2019-03-25 11:41:23.25",78,100026,0,13.07,39,2.1265,-108,-11.9458,2,10,0.8,3042.7,0,0.03544166,-0.1990967,3,25,11,41,23,250000
"2019-03-25 11:41:24",79,100027,0,13.06,39,2.1289,-108,-11.9466,2,10,0.8,3043.2,0,0.03548167,-0.19911,3,25,11,41,24,0
"2019-03-25 11:41:24.5",80,100028,0,13.07,39,2.1302,-108,-11.9479,2,10,0.8,3042.6,0,0.03550333,-0.1991317,3,25,11,41,24,500000
"2019-03-25 11:41:25.25",81,100029,0,13.06,39,2.1314,-108,-11.9488,2,10,0.8,3043.2,0,0.03552334,-0.1991467,3,25,11,41,25,250000
"2019-03-25 11:41:25.75",82,100030,0,13.06,39,2.1325,-108,-11.9497,2,11,0.8,3042.3,0,0.03554166,-0.1991617,3,25,11,41,25,750000
"2019-03-25 11:41:26.5",83,100031,0,13.06,39,2.1338,-108,-11.9496,2,11,0.8,3042.3,0,0.03556334,-0.19916,3,25,11,41,26,500000
"2019-03-25 11:41:27",84,100032,0,13.06,39,2.1356,-108,-11.95,2,11,0.7,3042.3,0,0.03559334,-0.1991667,3,25,11,41,27,0
"2019-03-25 11:41:27.5",85,100033,0,13.06,39,2.1374,-108,-11.9514,2,10,0.8,3041.5,0,0.03562333,-0.19919,3,25,11,41,27,500000
"2019-03-25 11:41:28",86,100034,0,13.06,39,2.1383,-108,-11.952,2,10,0.8,3041.7,0,0.03563833,-0.1992,3,25,11,41,28,0
"2019-03-25 11:41:28.75",87,100035,0,13.06,39,2.1402,-108,-11.9528,2,10,0.8,3041.5,0,0.03567,-0.1992133,3,25,11,41,28,750000
"2019-03-25 11:41:29.25",88,100036,0,13.05,39,2.1413,-108,-11.9541,2,10,0.8,3043,0,0.03568833,-0.199235,3,25,11,41,29,250000
"2019-03-25 11:41:30",89,100037,0,13.05,39,2.1437,-108,-11.9551,2,10,0.8,3043.4,0,0.03572833,-0.1992517,3,25,11,41,30,0
"2019-03-25 11:41:30.75",90,100038,0,13.05,39,2.1446,-108,-11.9554,2,10,0.8,3042.4,0,0.03574333,-0.1992567,3,25,11,41,30,750000
"2019-03-25 11:41:31.25",91,100039,0,13.05,39,2.1459,-108,-11.9562,2,10,0.8,3042.3,0,0.035765,-0.19927,3,25,11,41,31,250000
"2019-03-25 11:41:32",92,100040,0,13.05,39,2.1482,-108,-11.9568,2,10,0.8,3041.9,0,0.03580333,-0.19928,3,25,11,41,32,0
"2019-03-25 11:41:32.75",93,100041,0,13.05,39,2.1501,-108,-11.9576,2,10,0.8,3041.6,0,0.035835,-0.1992933,3,25,11,41,32,750000
"2019-03-25 11:41:33.5",94,100042,0,13.04,39,2.1515,-108,-11.9591,2,10,0.8,3041.7,0,0.03585833,-0.1993183,3,25,11,41,33,500000
"2019-03-25 11:41:34.25",95,100043,0,13.05,39,2.1542,-108,-11.9603,2,11,0.7,3043.3,0,0.03590334,-0.1993383,3,25,11,41,34,250000
"2019-03-25 11:41:34.75",96,100044,0,13.04,39,2.1567,-108,-11.9619,2,11,0.7,3044.5,0,0.035945,-0.199365,3,25,11,41,34,750000
"2019-03-25 11:41:35.25",97,100045,0,13.03,39,2.1567,-108,-11.9619,2,11,0.7,3044.5,0,0.035945,-0.199365,3,25,11,41,35,250000
"2019-03-25 11:41:35.75",98,100046,0,13.03,39,2.1567,-108,-11.9619,2,11,0.7,3044.5,0,0.035945,-0.199365,3,25,11,41,35,750000
"2019-03-25 11:41:36.25",99,100047,0,13.03,39,2.1556,-108,-11.9598,2,10,0.8,3045.4,0,0.03592667,-0.19933,3,25,11,41,36,250000
"2019-03-25 11:41:36.75",100,100048,0,13.03,39,2.1548,-108,-11.9574,2,10,0.8,3044.8,0,0.03591333,-0.19929,3,25,11,41,36,750000
"2019-03-25 11:41:37.25",101,100049,0,13.03,39,2.1547,-108,-11.9561,2,10,0.8,3045.7,0,0.03591167,-0.1992683,3,25,11,41,37,250000
"2019-03-25 11:41:37.75",102,100050,0,13.03,39,2.1526,-108,-11.9533,2,10,0.8,3044.9,0,0.03587667,-0.1992217,3,25,11,41,37,750000
"2019-03-25 11:41:38.25",103,100051,0,13.03,39,2.1517,-108,-11.9515,2,10,0.8,3044.4,0,0.03586167,-0.1991917,3,25,11,41,38,250000
"2019-03-25 11:41:38.75",104,100052,0,13.03,39,2.1507,-108,-11.95,2,10,0.8,3045.5,0,0.035845,-0.1991667,3,25,11,41,38,750000
"2019-03-25 11:41:39.25",105,100053,0,13.03,39,2.1503,-108,-11.9476,2,10,0.8,3045.8,0,0.03583833,-0.1991267,3,25,11,41,39,250000
"2019-03-25 11:41:39.75",106,100054,0,13.03,39,2.1494,-108,-11.9458,2,10,0.8,3046.1,0,0.03582334,-0.1990967,3,25,11,41,39,750000
"2019-03-25 11:41:40.25",107,100055,0,13.03,39,2.1473,-108,-11.9434,2,10,0.8,3046.2,0,0.03578834,-0.1990567,3,25,11,41,40,250000
"2019-03-25 11:41:40.75",108,100056,0,13.03,39,2.1465,-108,-11.9414,2,10,0.8,3046.1,0,0.035775,-0.1990233,3,25,11,41,40,750000
"2019-03-25 11:41:41.5",109,100057,0,13.02,39,2.1455,-108,-11.9385,2,10,0.8,3046.7,0,0.03575833,-0.198975,3,25,11,41,41,500000
"2019-03-25 11:41:42.5",110,100058,0,13.02,39,2.1447,-108,-11.9371,2,9,0.9,3047.2,0,0.035745,-0.1989517,3,25,11,41,42,500000
"2019-03-25 11:41:43.25",111,100059,0,13.02,39,2.1435,-108,-11.935,2,9,0.9,3045.5,0,0.035725,-0.1989167,3,25,11,41,43,250000
"2019-03-25 11:41:43.75",112,100060,0,13.03,39,2.1429,-108,-11.9322,2,9,0.9,3046.3,0,0.035715,-0.19887,3,25,11,41,43,750000
"2019-03-25 11:41:44.25",113,100061,0,13.02,39,2.1419,-108,-11.9304,2,9,0.9,3046.7,0,0.03569834,-0.19884,3,25,11,41,44,250000
"2019-03-25 11:41:44.75",114,100062,0,13.02,39,2.1409,-108,-11.9282,2,9,0.9,3047,0,0.03568166,-0.1988033,3,25,11,41,44,750000
"2019-03-25 11:41:45.25",115,100063,0,13.02,39,2.1398,-108,-11.9261,2,9,0.9,3046.3,0,0.03566333,-0.1987683,3,25,11,41,45,250000
"2019-03-25 11:41:46",116,100064,0,13.02,39,2.1389,-108,-11.9228,2,9,0.9,3046.2,0,0.03564834,-0.1987133,3,25,11,41,46,0
"2019-03-25 11:41:46.75",117,100065,0,13.02,39,2.1375,-108,-11.9207,2,9,0.9,3046.2,0,0.035625,-0.1986783,3,25,11,41,46,750000
"2019-03-25 11:41:47.5",118,100066,0,13.02,39,2.1363,-108,-11.9195,2,9,0.9,3046.4,0,0.035605,-0.1986583,3,25,11,41,47,500000
"2019-03-25 11:41:48",119,100067,0,13.02,39,2.1357,-108,-11.9168,2,9,0.9,3047.1,0,0.035595,-0.1986133,3,25,11,41,48,0
"2019-03-25 11:41:48.5",120,100068,0,13.03,39,2.1348,-108,-11.9139,2,9,0.9,3047.1,0,0.03558,-0.198565,3,25,11,41,48,500000
"2019-03-25 11:41:49",121,100069,0,13.02,39,2.1338,-108,-11.9125,2,9,0.9,3047.9,0,0.03556334,-0.1985417,3,25,11,41,49,0
"2019-03-25 11:41:49.5",122,100070,0,13.02,39,2.1328,-108,-11.91,2,9,0.9,3048.4,0,0.03554667,-0.1985,3,25,11,41,49,500000
"2019-03-25 11:41:50",123,100071,0,13.02,39,2.1317,-108,-11.9086,2,9,0.9,3049.9,0,0.03552834,-0.1984767,3,25,11,41,50,0
"2019-03-25 11:41:50.75",124,100072,0,13.02,39,2.1307,-108,-11.9048,2,9,0.9,3050.2,0,0.03551167,-0.1984133,3,25,11,41,50,750000
"2019-03-25 11:41:51.25",125,100073,0,13.01,39,2.13,-108,-11.9043,2,10,0.9,3050.1,0,0.0355,-0.198405,3,25,11,41,51,250000
"2019-03-25 11:41:52",126,100074,0,13.01,39,2.1285,-108,-11.9015,2,10,0.9,3049.9,0,0.035475,-0.1983583,3,25,11,41,52,0
"2019-03-25 11:41:52.75",127,100075,0,13.01,39,2.1275,-108,-11.8987,2,10,0.9,3050,0,0.03545833,-0.1983117,3,25,11,41,52,750000
"2019-03-25 11:41:53.25",128,100076,0,13.01,39,2.1268,-108,-11.8961,2,10,0.9,3050.3,0,0.03544667,-0.1982683,3,25,11,41,53,250000
"2019-03-25 11:41:54",129,100077,0,13.01,39,2.1255,-108,-11.894,2,10,0.9,3050.5,0,0.035425,-0.1982333,3,25,11,41,54,0
"2019-03-25 11:41:55",130,100078,0,13.01,39,2.1247,-108,-11.892,2,10,0.9,3049.8,0,0.03541167,-0.1982,3,25,11,41,55,0
"2019-03-25 11:41:55.75",131,100079,0,13,39,2.1239,-108,-11.8892,2,10,0.9,3048.6,0,0.03539833,-0.1981533,3,25,11,41,55,750000
"2019-03-25 11:41:56.25",132,100080,0,13.01,39,2.1225,-108,-11.887,2,10,0.9,3049.4,0,0.035375,-0.1981167,3,25,11,41,56,250000
"2019-03-25 11:41:56.75",133,100081,0,13,39,2.1216,-108,-11.8846,2,10,0.9,3048.9,0,0.03536,-0.1980767,3,25,11,41,56,750000
"2019-03-25 11:41:57.5",134,100082,0,13,39,2.1203,-108,-11.8828,2,10,0.9,3049.4,0,0.03533834,-0.1980467,3,25,11,41,57,500000
"2019-03-25 11:41:58",135,100083,0,13,39,2.1193,-108,-11.8797,2,10,0.9,3048.4,0,0.03532166,-0.197995,3,25,11,41,58,0
"2019-03-25 11:41:58.5",136,100084,0,13.01,39,2.118,-108,-11.8779,2,10,0.9,3048.9,0,0.0353,-0.197965,3,25,11,41,58,500000
"2019-03-25 11:41:59",137,100085,0,13,39,2.1159,-108,-11.875,2,10,0.9,3050.2,0,0.035265,-0.1979167,3,25,11,41,59,0
"2019-03-25 11:41:59.75",138,100086,0,13,39,2.1152,-108,-11.872,2,10,0.9,3051,0,0.03525334,-0.1978667,3,25,11,41,59,750000
"2019-03-25 11:42:00.25",139,100087,0,13,39,2.1141,-108,-11.8697,2,10,0.9,3049.3,0,0.035235,-0.1978283,3,25,11,42,0,250000
"2019-03-25 11:42:00.75",140,100088,0,13,39,2.1129,-108,-11.8697,2,10,0.9,3048.4,0,0.035215,-0.1978283,3,25,11,42,0,750000
"2019-03-25 11:42:01.5",141,100089,0,13,39,2.1129,-108,-11.8697,2,10,0.9,3048.4,0,0.035215,-0.1978283,3,25,11,42,1,500000
"2019-03-25 11:42:02.5",142,100090,0,13,39,2.1129,-108,-11.8697,2,10,0.9,3048.4,0,0.035215,-0.1978283,3,25,11,42,2,500000
"2019-03-25 11:42:03.25",143,100091,0,13,39,2.1127,-108,-11.8706,2,10,0.9,3049.1,0,0.03521167,-0.1978433,3,25,11,42,3,250000
"2019-03-25 11:42:03.75",144,100092,0,12.99,39,2.1123,-108,-11.8726,2,10,0.9,3048.1,0,0.035205,-0.1978767,3,25,11,42,3,750000
"2019-03-25 11:42:04.25",145,100093,0,12.99,39,2.111,-108,-11.8763,2,10,0.9,3049.9,0,0.03518333,-0.1979383,3,25,11,42,4,250000
"2019-03-25 11:42:04.75",146,100094,0,13,39,2.1115,-108,-11.8804,2,10,0.9,3048.2,0,0.03519167,-0.1980067,3,25,11,42,4,750000
"2019-03-25 11:42:05.25",147,100095,0,13,39,2.1106,-108,-11.8826,2,10,0.9,3048.6,0,0.03517667,-0.1980433,3,25,11,42,5,250000
"2019-03-25 11:42:05.75",148,100096,0,12.99,39,2.1104,-108,-11.886,2,9,1,3049.2,0,0.03517334,-0.1981,3,25,11,42,5,750000
"2019-03-25 11:42:06.5",149,100097,0,12.99,39,2.1097,-108,-11.8885,2,10,0.9,3048.2,0,0.03516167,-0.1981417,3,25,11,42,6,500000
"2019-03-25 11:42:07.25",150,100098,0,12.99,39,2.1091,-108,-11.8916,2,10,0.9,3047.6,0,0.03515167,-0.1981933,3,25,11,42,7,250000
"2019-03-25 11:42:07.75",151,100099,0,12.99,39,2.109,-108,-11.895,2,10,0.9,3048.3,0,0.03515,-0.19825,3,25,11,42,7,750000
"2019-03-25 11:42:08.25",152,100100,0,12.99,39,2.1086,-108,-11.897,2,10,0.9,3047.3,0,0.03514333,-0.1982833,3,25,11,42,8,250000
"2019-03-25 11:42:08.75",153,100101,0,12.99,39,2.1078,-108,-11.9,2,10,0.9,3048.5,0,0.03513,-0.1983333,3,25,11,42,8,750000
"2019-03-25 11:42:09.5",154,100102,0,12.99,39,2.1072,-108,-11.9031,2,10,0.9,3048.3,0,0.03512,-0.198385,3,25,11,42,9,500000
"2019-03-25 11:42:10",155,100103,0,12.99,39,2.1071,-108,-11.9067,2,10,0.9,3048.9,0,0.03511833,-0.198445,3,25,11,42,10,0
"2019-03-25 11:42:10.5",156,100104,0,12.99,39,2.1065,-108,-11.9098,2,10,0.9,3047.7,0,0.03510833,-0.1984967,3,25,11,42,10,500000
"2019-03-25 11:42:11",157,100105,0,12.99,39,2.1056,-108,-11.9124,2,10,0.9,3047.3,0,0.03509333,-0.19854,3,25,11,42,11,0
"2019-03-25 11:42:11.75",158,100106,0,12.99,39,2.1051,-108,-11.9153,2,10,0.9,3047.9,0,0.035085,-0.1985883,3,25,11,42,11,750000
"2019-03-25 11:42:12.5",159,100107,0,12.99,39,2.1052,-108,-11.9176,2,10,0.9,3047.7,0,0.03508667,-0.1986267,3,25,11,42,12,500000
"2019-03-25 11:42:13",160,100108,0,12.99,39,2.1045,-108,-11.9207,2,10,0.9,3047.8,0,0.035075,-0.1986783,3,25,11,42,13,0
"2019-03-25 11:42:13.5",161,100109,0,12.99,39,2.1039,-108,-11.9236,2,10,0.9,3046.8,0,0.035065,-0.1987267,3,25,11,42,13,500000
"2019-03-25 11:42:14",162,100110,0,12.99,39,2.1026,-108,-11.9268,2,10,0.9,3046.3,0,0.03504334,-0.19878,3,25,11,42,14,0
"2019-03-25 11:42:14.5",163,100111,0,12.99,39,2.1026,-108,-11.9292,2,10,0.9,3046.2,0,0.03504334,-0.19882,3,25,11,42,14,500000
"2019-03-25 11:42:15.25",164,100112,0,12.99,39,2.1018,-108,-11.9323,2,10,0.9,3046.5,0,0.03503,-0.1988717,3,25,11,42,15,250000
"2019-03-25 11:42:16",165,100113,0,12.99,39,2.1011,-108,-11.9353,2,10,0.9,3045.7,0,0.03501833,-0.1989217,3,25,11,42,16,0
"2019-03-25 11:42:16.75",166,100114,0,12.97,39,2.0986,-108,-11.9397,2,11,0.8,3046.5,0,0.03497666,-0.198995,3,25,11,42,16,750000
"2019-03-25 11:42:17.25",167,100115,0,12.96,39,2.0983,-108,-11.9428,2,11,0.8,3045.7,0,0.03497166,-0.1990467,3,25,11,42,17,250000
"2019-03-25 11:42:17.75",168,100116,0,12.96,39,2.0975,-108,-11.9449,2,11,0.8,3045.4,0,0.03495834,-0.1990817,3,25,11,42,17,750000
"2019-03-25 11:42:18.5",169,100117,0,12.96,39,2.0968,-108,-11.9474,2,11,0.8,3044.8,0,0.03494667,-0.1991233,3,25,11,42,18,500000
"2019-03-25 11:42:19",170,100118,0,12.96,39,2.0962,-108,-11.9505,2,11,0.8,3044.3,0,0.03493667,-0.199175,3,25,11,42,19,0
"2019-03-25 11:42:19.5",171,100119,0,12.96,39,2.0956,-108,-11.9531,2,11,0.8,3043.9,0,0.03492666,-0.1992183,3,25,11,42,19,500000
"2019-03-25 11:42:20",172,100120,0,12.96,39,2.0947,-108,-11.9556,2,11,0.8,3044.2,0,0.03491167,-0.19926,3,25,11,42,20,0
"2019-03-25 11:42:20.5",173,100121,0,12.96,39,2.0938,-108,-11.9588,2,11,0.8,3043.7,0,0.03489667,-0.1993133,3,25,11,42,20,500000
"2019-03-25 11:42:21",174,100122,0,12.96,39,2.0933,-108,-11.9613,2,11,0.8,3044.2,0,0.03488834,-0.199355,3,25,11,42,21,0
"2019-03-25 11:42:21.75",175,100123,0,12.96,39,2.0925,-108,-11.9639,2,10,0.9,3041.8,0,0.034875,-0.1993983,3,25,11,42,21,750000
"2019-03-25 11:42:22.25",176,100124,0,12.96,39,2.0915,-108,-11.966,2,10,0.9,3041.7,0,0.03485834,-0.1994333,3,25,11,42,22,250000
"2019-03-25 11:42:22.75",177,100125,0,12.95,39,2.0908,-108,-11.9691,2,10,0.9,3040.7,0,0.03484667,-0.199485,3,25,11,42,22,750000
"2019-03-25 11:42:23.5",178,100126,0,12.95,39,2.0899,-108,-11.9728,2,10,0.9,3042,0,0.03483166,-0.1995467,3,25,11,42,23,500000
"2019-03-25 11:42:24",179,100127,0,12.95,39,2.0894,-108,-11.9756,2,10,0.9,3041.8,0,0.03482334,-0.1995933,3,25,11,42,24,0
"2019-03-25 11:42:24.75",180,100128,0,12.96,39,2.0883,-108,-11.9782,2,10,0.9,3041.5,0,0.034805,-0.1996367,3,25,11,42,24,750000
"2019-03-25 11:42:25.25",181,100129,0,12.96,39,2.0876,-108,-11.9799,2,10,0.9,3041.5,0,0.03479333,-0.199665,3,25,11,42,25,250000
"2019-03-25 11:42:25.75",182,100130,0,12.95,39,2.0869,-108,-11.9828,2,10,0.9,3040.4,0,0.03478167,-0.1997133,3,25,11,42,25,750000
"2019-03-25 11:42:26.25",183,100131,0,12.95,39,2.0859,-108,-11.9863,2,10,0.9,3041.8,0,0.034765,-0.1997717,3,25,11,42,26,250000
"2019-03-25 11:42:27",184,100132,0,12.95,39,2.0853,-108,-11.9888,2,10,0.9,3040.9,0,0.034755,-0.1998133,3,25,11,42,27,0
"2019-03-25 11:42:27.5",185,100133,0,12.95,39,2.0844,-108,-11.9919,2,10,0.9,3040.2,0,0.03474,-0.199865,3,25,11,42,27,500000
"2019-03-25 11:42:28.25",186,100134,0,12.95,39,2.084,-108,-11.994,2,10,0.9,3039.1,0,0.03473334,-0.1999,3,25,11,42,28,250000
"2019-03-25 11:42:29",187,100135,0,12.95,39,2.0843,-108,-11.9964,2,11,0.8,3041.5,0,0.03473834,-0.19994,3,25,11,42,29,0
"2019-03-25 11:42:29.75",188,100136,0,12.94,39,2.0838,-108,-11.9982,2,11,0.8,3041,0,0.03473,-0.19997,3,25,11,42,29,750000
"2019-03-25 11:42:30.25",189,100137,0,12.94,39,2.0839,-108,-11.9983,2,11,0.8,3040.9,0,0.03473167,-0.1999717,3,25,11,42,30,250000
"2019-03-25 11:42:30.75",190,100138,0,12.94,39,2.0839,-108,-11.9983,2,11,0.8,3040.9,0,0.03473167,-0.1999717,3,25,11,42,30,750000
"2019-03-25 11:42:31.25",191,100139,0,12.95,39,2.082,-108,-11.9957,2,11,0.8,3040.9,0,0.0347,-0.1999283,3,25,11,42,31,250000
"2019-03-25 11:42:32",192,100140,0,12.95,39,2.0805,-108,-11.9938,2,11,0.8,3040.6,0,0.034675,-0.1998967,3,25,11,42,32,0
"2019-03-25 11:42:32.5",193,100141,0,12.95,39,2.0799,-108,-11.9923,2,11,0.8,3042.4,0,0.034665,-0.1998717,3,25,11,42,32,500000
"2019-03-25 11:42:33",194,100142,0,12.94,39,2.0786,-108,-11.9904,2,11,0.8,3041.9,0,0.03464333,-0.19984,3,25,11,42,33,0
"2019-03-25 11:42:33.75",195,100143,0,12.94,39,2.078,-108,-11.9881,2,11,0.8,3041.5,0,0.03463334,-0.1998017,3,25,11,42,33,750000
"2019-03-25 11:42:34.5",196,100144,0,12.94,39,2.0769,-108,-11.9849,2,11,0.8,3041.8,0,0.034615,-0.1997483,3,25,11,42,34,500000
"2019-03-25 11:42:35.25",197,100145,0,12.94,39,2.0759,-108,-11.9835,2,11,0.8,3042.3,0,0.03459834,-0.199725,3,25,11,42,35,250000
"2019-03-25 11:42:36",198,100146,0,12.94,39,2.0753,-108,-11.9802,2,11,0.8,3042.8,0,0.03458833,-0.19967,3,25,11,42,36,0
"2019-03-25 11:42:36.75",199,100147,0,12.94,39,2.0742,-108,-11.9782,2,11,0.8,3042.6,0,0.03457,-0.1996367,3,25,11,42,36,750000
"2019-03-25 11:42:37.5",200,100148,0,12.94,39,2.0728,-108,-11.9753,2,11,0.8,3041.8,0,0.03454666,-0.1995883,3,25,11,42,37,500000
"2019-03-25 11:42:38",201,100149,0,12.94,39,2.0718,-108,-11.9734,2,11,0.8,3042.1,0,0.03453,-0.1995567,3,25,11,42,38,0
"2019-03-25 11:42:38.5",202,100150,0,12.94,39,2.0705,-108,-11.9709,2,11,0.8,3042.5,0,0.03450833,-0.199515,3,25,11,42,38,500000
"2019-03-25 11:42:39",203,100151,0,12.94,39,2.0691,-108,-11.9681,2,11,0.8,3042.3,0,0.034485,-0.1994683,3,25,11,42,39,0
"2019-03-25 11:42:39.5",204,100152,0,12.94,39,2.0679,-108,-11.9662,2,11,0.8,3043.6,0,0.034465,-0.1994367,3,25,11,42,39,500000
"2019-03-25 11:42:40",205,100153,0,12.94,39,2.0666,-108,-11.9639,2,11,0.8,3043.6,0,0.03444333,-0.1993983,3,25,11,42,40,0
"2019-03-25 11:42:40.75",206,100154,0,12.94,39,2.063,-108,-11.9567,2,11,0.8,3043.3,0,0.03438334,-0.1992783,3,25,11,42,40,750000
"2019-03-25 11:42:41.25",207,100155,0,12.94,39,2.0625,-108,-11.9544,2,11,0.8,3043.5,0,0.034375,-0.19924,3,25,11,42,41,250000
"2019-03-25 11:42:42",208,100156,0,12.94,39,2.0616,-108,-11.9524,2,11,0.8,3045,0,0.03436,-0.1992067,3,25,11,42,42,0
"2019-03-25 11:42:43",209,100157,0,12.94,39,2.0605,-108,-11.9502,2,11,0.8,3044.9,0,0.03434167,-0.19917,3,25,11,42,43,0
"2019-03-25 11:42:43.5",210,100158,0,12.94,39,2.0591,-108,-11.9481,2,11,0.8,3043.7,0,0.03431833,-0.199135,3,25,11,42,43,500000
"2019-03-25 11:42:44",211,100159,0,12.93,39,2.0578,-108,-11.9462,2,11,0.8,3042.9,0,0.03429667,-0.1991033,3,25,11,42,44,0
"2019-03-25 11:42:44.75",212,100160,0,12.93,39,2.0564,-108,-11.9442,2,11,0.8,3042.2,0,0.03427333,-0.19907,3,25,11,42,44,750000
"2019-03-25 11:42:45.5",213,100161,0,12.93,39,2.055,-108,-11.942,2,11,0.8,3042.7,0,0.03425,-0.1990333,3,25,11,42,45,500000
"2019-03-25 11:42:46.25",214,100162,0,12.93,39,2.0539,-108,-11.9397,2,11,0.8,3042.6,0,0.03423167,-0.198995,3,25,11,42,46,250000
"2019-03-25 11:42:47",215,100163,0,12.93,39,2.0518,-108,-11.9377,2,11,0.8,3041.5,0,0.03419667,-0.1989617,3,25,11,42,47,0
"2019-03-25 11:42:47.5",216,100164,0,12.93,39,2.0507,-108,-11.9354,2,11,0.8,3043.1,0,0.03417833,-0.1989233,3,25,11,42,47,500000
"2019-03-25 11:42:48",217,100165,0,12.93,39,2.0496,-108,-11.9333,2,11,0.8,3043.9,0,0.03416,-0.1988883,3,25,11,42,48,0
"2019-03-25 11:42:48.5",218,100166,0,12.93,39,2.0476,-108,-11.931,2,11,0.8,3043.9,0,0.03412666,-0.19885,3,25,11,42,48,500000
"2019-03-25 11:42:49",219,100167,0,12.93,39,2.0451,-108,-11.9256,2,11,0.8,3043.4,0,0.034085,-0.19876,3,25,11,42,49,0
"2019-03-25 11:42:49.5",220,100168,0,12.93,39,2.0438,-108,-11.9249,2,11,0.8,3043.5,0,0.03406334,-0.1987483,3,25,11,42,49,500000
"2019-03-25 11:42:50",221,100169,0,12.93,39,2.0435,-108,-11.9227,2,11,0.8,3044.2,0,0.03405833,-0.1987117,3,25,11,42,50,0
"2019-03-25 11:42:50.5",222,100170,0,12.93,39,2.0415,-108,-11.9203,2,11,0.8,3043.9,0,0.034025,-0.1986717,3,25,11,42,50,500000
"2019-03-25 11:42:51",223,100171,0,12.93,39,2.0408,-108,-11.9184,2,11,0.8,3043.3,0,0.03401334,-0.19864,3,25,11,42,51,0
"2019-03-25 11:42:51.75",224,100172,0,12.93,39,2.0397,-108,-11.9151,2,11,0.8,3043.9,0,0.033995,-0.198585,3,25,11,42,51,750000
"2019-03-25 11:42:52.25",225,100173,0,12.93,39,2.0396,-108,-11.9151,2,11,0.8,3043.9,0,0.03399333,-0.198585,3,25,11,42,52,250000
"2019-03-25 11:42:52.75",226,100174,0,12.92,39,2.0396,-108,-11.9151,2,11,0.8,3043.8,0,0.03399333,-0.198585,3,25,11,42,52,750000
"2019-03-25 11:42:53.25",227,100175,0,12.92,39,2.0398,-108,-11.9149,2,11,0.8,3044,0,0.03399666,-0.1985817,3,25,11,42,53,250000
"2019-03-25 11:42:53.75",228,100176,0,12.92,39,2.0415,-108,-11.915,2,11,0.8,3044.1,0,0.034025,-0.1985833,3,25,11,42,53,750000
"2019-03-25 11:42:54.25",229,100177,0,12.92,39,2.0432,-108,-11.9158,2,11,0.8,3042.9,0,0.03405333,-0.1985967,3,25,11,42,54,250000
"2019-03-25 11:42:54.75",230,100178,0,12.92,39,2.0456,-108,-11.9157,2,11,0.8,3042.9,0,0.03409333,-0.198595,3,25,11,42,54,750000
"2019-03-25 11:42:55.25",231,100179,0,12.92,39,2.0478,-108,-11.917,2,11,0.8,3042.6,0,0.03413,-0.1986167,3,25,11,42,55,250000
"2019-03-25 11:42:55.75",232,100180,0,12.92,39,2.05,-108,-11.9176,2,11,0.8,3044,0,0.03416667,-0.1986267,3,25,11,42,55,750000
"2019-03-25 11:42:56.25",233,100181,0,12.92,39,2.0518,-108,-11.9184,2,11,0.9,3043.8,0,0.03419667,-0.19864,3,25,11,42,56,250000
"2019-03-25 11:42:56.75",234,100182,0,12.92,39,2.0535,-108,-11.9185,2,11,0.8,3043,0,0.034225,-0.1986417,3,25,11,42,56,750000
"2019-03-25 11:42:57.5",235,100183,0,12.92,39,2.0568,-108,-11.9193,2,11,0.9,3043.8,0,0.03428,-0.198655,3,25,11,42,57,500000
"2019-03-25 11:42:58.5",236,100184,0,12.92,39,2.0594,-108,-11.9201,2,11,0.8,3044.9,0,0.03432334,-0.1986683,3,25,11,42,58,500000
"2019-03-25 11:42:59.25",237,100185,0,12.92,39,2.0605,-108,-11.9207,2,11,0.8,3044,0,0.03434167,-0.1986783,3,25,11,42,59,250000
"2019-03-25 11:42:59.75",238,100186,0,12.92,39,2.0629,-108,-11.9209,2,11,0.9,3044.7,0,0.03438167,-0.1986817,3,25,11,42,59,750000
"2019-03-25 11:43:00.25",239,100187,0,12.92,39,2.0656,-108,-11.9218,2,11,0.9,3043.7,0,0.03442667,-0.1986967,3,25,11,43,0,250000
"2019-03-25 11:43:01.25",240,100188,0,12.92,39,2.0676,-108,-11.9224,2,11,0.8,3043.1,0,0.03446,-0.1987067,3,25,11,43,1,250000
"2019-03-25 11:43:02",241,100189,0,12.92,39,2.0694,-108,-11.9233,2,11,0.8,3042.6,0,0.03449,-0.1987217,3,25,11,43,2,0
"2019-03-25 11:43:02.75",242,100190,0,12.92,39,2.0733,-108,-11.9251,2,11,0.9,3042,0,0.034555,-0.1987517,3,25,11,43,2,750000
"2019-03-25 11:43:03.25",243,100191,0,12.92,39,2.0757,-108,-11.925,2,11,0.9,3042.1,0,0.034595,-0.19875,3,25,11,43,3,250000
"2019-03-25 11:43:04",244,100192,0,12.91,39,2.0786,-108,-11.9264,2,11,0.8,3044.2,0,0.03464333,-0.1987733,3,25,11,43,4,0
"2019-03-25 11:43:04.75",245,100193,0,12.92,39,2.0808,-108,-11.9279,2,11,0.9,3044.2,0,0.03468,-0.1987983,3,25,11,43,4,750000
"2019-03-25 11:43:05.25",246,100194,0,12.9,39,2.084,-108,-11.9291,2,11,0.9,3045.2,0,0.03473334,-0.1988183,3,25,11,43,5,250000
"2019-03-25 11:43:06",247,100195,0,12.9,39,2.086,-108,-11.9298,2,11,0.8,3044.3,0,0.03476667,-0.19883,3,25,11,43,6,0
"2019-03-25 11:43:06.75",248,100196,0,12.91,39,2.0883,-108,-11.9306,2,11,0.8,3044.3,0,0.034805,-0.1988433,3,25,11,43,6,750000
"2019-03-25 14:34:48.5",249,100001,0,12.92,39,2.0334,-108,-11.7745,2,11,0.7,3047,0,0.03389,-0.1962417,3,25,14,34,48,500000
"2019-03-25 14:34:49.25",250,301,0,12.9,39,2.0327,-108,-11.7754,2,11,0.7,3046.8,0,0.03387833,-0.1962567,3,25,14,34,49,250000
"2019-03-25 14:34:49.75",251,302,0,12.89,39,2.0312,-108,-11.7756,2,10,0.8,3047.4,0,0.03385333,-0.19626,3,25,14,34,49,750000
"2019-03-25 14:34:50.25",252,303,0,12.89,39,2.0285,-108,-11.7765,2,9,0.9,3045.9,0,0.03380834,-0.196275,3,25,14,34,50,250000
"2019-03-25 14:34:50.75",253,304,0,12.89,39,2.0264,-108,-11.7762,2,10,0.8,3047.2,0,0.03377334,-0.19627,3,25,14,34,50,750000
"2019-03-25 14:34:51.5",254,305,0,12.89,39,2.0243,-108,-11.7753,2,10,0.8,3047.5,0,0.03373833,-0.196255,3,25,14,34,51,500000
"2019-03-25 14:34:52.25",255,306,0,12.89,39,2.0233,-108,-11.7741,2,10,0.8,3047.2,0,0.03372167,-0.196235,3,25,14,34,52,250000
"2019-03-25 14:34:52.75",256,307,0,12.89,39,2.0215,-108,-11.7734,2,10,0.8,3047.6,0,0.03369167,-0.1962233,3,25,14,34,52,750000
"2019-03-25 14:34:53.75",257,308,0,12.88,39,2.0202,-108,-11.7728,2,10,0.8,3046.9,0,0.03367,-0.1962133,3,25,14,34,53,750000
"2019-03-25 14:34:54.25",258,309,0,12.87,39,2.0178,-108,-11.7734,2,10,0.8,3048.5,0,0.03363,-0.1962233,3,25,14,34,54,250000
"2019-03-25 14:34:54.75",259,310,0,12.87,39,2.0158,-108,-11.772,2,10,0.8,3049.2,0,0.03359667,-0.1962,3,25,14,34,54,750000
"2019-03-25 14:34:55.25",260,311,0,12.87,39,2.0146,-108,-11.7722,2,10,0.8,3049.5,0,0.03357667,-0.1962033,3,25,14,34,55,250000
"2019-03-25 14:34:55.75",261,312,0,12.87,39,2.0129,-108,-11.7719,2,10,0.8,3050.3,0,0.03354834,-0.1961983,3,25,14,34,55,750000
"2019-03-25 14:34:56.25",262,313,0,12.87,39,2.0109,-108,-11.7709,2,10,0.8,3051.9,0,0.033515,-0.1961817,3,25,14,34,56,250000
"2019-03-25 14:34:56.75",263,314,0,12.87,39,2.0092,-108,-11.7709,2,10,0.8,3052.3,0,0.03348667,-0.1961817,3,25,14,34,56,750000
"2019-03-25 14:34:57.5",264,315,0,12.87,39,2.0072,-108,-11.7707,2,10,0.8,3052.1,0,0.03345333,-0.1961783,3,25,14,34,57,500000
"2019-03-25 14:34:58",265,316,0,12.87,39,2.0061,-108,-11.7713,2,10,0.8,3052.5,0,0.033435,-0.1961883,3,25,14,34,58,0
"2019-03-25 14:34:58.75",266,317,0,12.87,39,2.0038,-108,-11.7697,2,10,0.8,3053.2,0,0.03339667,-0.1961617,3,25,14,34,58,750000
"2019-03-25 14:34:59.5",267,318,0,12.87,39,2.001,-108,-11.7701,2,9,0.9,3052.7,0,0.03335,-0.1961683,3,25,14,34,59,500000
"2019-03-25 14:35:00.25",268,319,0,12.87,39,1.9991,-108,-11.7694,2,10,0.8,3052.8,0,0.03331833,-0.1961567,3,25,14,35,0,250000
"2019-03-25 14:35:00.75",269,320,0,12.86,39,1.9986,-108,-11.7685,2,10,0.8,3052.2,0,0.03331,-0.1961417,3,25,14,35,0,750000
"2019-03-25 14:35:01.25",270,321,0,12.86,39,1.9966,-108,-11.7681,2,10,0.8,3052.3,0,0.03327667,-0.196135,3,25,14,35,1,250000
"2019-03-25 14:35:02",271,322,0,12.86,39,1.9951,-108,-11.7681,2,10,0.8,3052.7,0,0.03325167,-0.196135,3,25,14,35,2,0
"2019-03-25 14:35:02.5",272,323,0,12.86,39,1.9937,-108,-11.7679,2,10,0.8,3052.5,0,0.03322833,-0.1961317,3,25,14,35,2,500000
"2019-03-25 14:35:03.25",273,324,0,12.86,39,1.9924,-108,-11.7673,2,10,0.8,3052,0,0.03320667,-0.1961217,3,25,14,35,3,250000
"2019-03-25 14:35:04",274,325,0,12.85,39,1.9903,-108,-11.767,2,10,0.8,3051.1,0,0.03317167,-0.1961167,3,25,14,35,4,0
"2019-03-25 14:35:04.75",275,326,0,12.85,39,1.9903,-108,-11.7668,2,10,0.8,3051.3,0,0.03317167,-0.1961133,3,25,14,35,4,750000
"2019-03-25 14:35:05.5",276,327,0,12.86,39,1.9882,-108,-11.7671,2,10,0.8,3050.3,0,0.03313667,-0.1961183,3,25,14,35,5,500000
"2019-03-25 14:35:06.25",277,328,0,12.86,39,1.9865,-108,-11.7651,2,10,0.8,3051.1,0,0.03310833,-0.196085,3,25,14,35,6,250000
"2019-03-25 14:35:06.75",278,329,0,12.85,39,1.9846,-108,-11.765,2,10,0.8,3051.1,0,0.03307667,-0.1960833,3,25,14,35,6,750000
"2019-03-25 14:35:07.25",279,330,0,12.85,39,1.983,-108,-11.7658,2,10,0.8,3051.2,0,0.03305,-0.1960967,3,25,14,35,7,250000
"2019-03-25 14:35:08",280,331,0,12.85,39,1.9811,-108,-11.7651,2,10,0.8,3052.4,0,0.03301833,-0.196085,3,25,14,35,8,0
"2019-03-25 14:35:08.5",281,332,0,12.85,39,1.9796,-108,-11.7657,2,10,0.8,3053.7,0,0.03299333,-0.196095,3,25,14,35,8,500000
"2019-03-25 14:35:09.25",282,333,0,12.85,39,1.9783,-108,-11.7653,2,10,0.8,3053.5,0,0.03297167,-0.1960883,3,25,14,35,9,250000
"2019-03-25 14:35:10",283,334,0,12.85,39,1.9769,-108,-11.7652,2,10,0.8,3052.7,0,0.03294833,-0.1960867,3,25,14,35,10,0
"2019-03-25 14:35:11",284,335,0,12.85,39,1.9744,-108,-11.7649,2,10,0.8,3051.9,0,0.03290667,-0.1960817,3,25,14,35,11,0
"2019-03-25 14:35:11.75",285,336,0,12.85,39,1.973,-108,-11.7642,2,10,0.8,3052,0,0.03288333,-0.19607,3,25,14,35,11,750000
"2019-03-25 14:35:12.25",286,337,0,12.85,39,1.9714,-108,-11.764,2,10,0.8,3052.2,0,0.03285667,-0.1960667,3,25,14,35,12,250000
"2019-03-25 14:35:13",287,338,0,12.84,39,1.9679,-108,-11.7636,2,10,0.8,3052.6,0,0.03279833,-0.19606,3,25,14,35,13,0
"2019-03-25 14:35:13.75",288,339,0,12.85,39,1.9666,-108,-11.7631,2,10,0.8,3053.2,0,0.03277666,-0.1960517,3,25,14,35,13,750000
"2019-03-25 14:35:14.5",289,340,0,12.85,39,1.9653,-108,-11.7634,2,10,0.8,3051.9,0,0.032755,-0.1960567,3,25,14,35,14,500000
"2019-03-25 14:35:15.5",290,341,0,12.84,39,1.9666,-108,-11.7617,2,10,0.8,3052.3,0,0.03277666,-0.1960283,3,25,14,35,15,500000
"2019-03-25 14:35:16.25",291,342,0,12.84,39,1.9681,-108,-11.7601,2,10,0.8,3052.2,0,0.03280167,-0.1960017,3,25,14,35,16,250000
"2019-03-25 14:35:16.75",292,343,0,12.84,39,1.9688,-108,-11.7577,2,10,0.8,3053.2,0,0.03281333,-0.1959617,3,25,14,35,16,750000
"2019-03-25 14:35:17.75",293,344,0,12.84,39,1.9696,-108,-11.756,2,10,0.8,3053.4,0,0.03282667,-0.1959333,3,25,14,35,17,750000
"2019-03-25 14:35:18.25",294,345,0,12.84,39,1.9703,-108,-11.7559,2,10,0.8,3052.4,0,0.03283833,-0.1959317,3,25,14,35,18,250000
"2019-03-25 14:35:18.75",295,346,0,12.84,39,1.9707,-108,-11.7537,2,10,0.8,3051.9,0,0.032845,-0.195895,3,25,14,35,18,750000
"2019-03-25 14:35:19.25",296,347,0,12.83,39,1.9719,-108,-11.7526,2,10,0.8,3051.9,0,0.032865,-0.1958767,3,25,14,35,19,250000
"2019-03-25 14:35:20",297,348,0,12.84,39,1.973,-108,-11.7482,2,9,0.9,3052.1,0,0.03288333,-0.1958033,3,25,14,35,20,0
"2019-03-25 14:35:20.75",298,349,0,12.84,39,1.9739,-108,-11.7467,2,10,0.8,3050.9,0,0.03289833,-0.1957783,3,25,14,35,20,750000
"2019-03-25 14:35:21.75",299,350,0,12.83,39,1.9746,-108,-11.7453,2,10,0.8,3053,0,0.03291,-0.195755,3,25,14,35,21,750000
"2019-03-25 14:35:22.5",300,351,0,12.83,39,1.9749,-108,-11.7449,2,9,0.9,3052.3,0,0.032915,-0.1957483,3,25,14,35,22,500000
"2019-03-25 14:35:23.25",301,352,0,12.83,39,1.9751,-108,-11.7428,2,9,0.9,3052.5,0,0.03291833,-0.1957133,3,25,14,35,23,250000
"2019-03-25 14:35:24",302,353,0,12.83,39,1.9765,-108,-11.7418,2,9,0.9,3052.7,0,0.03294167,-0.1956967,3,25,14,35,24,0
"2019-03-25 14:35:24.5",303,354,0,12.83,39,1.9776,-108,-11.7398,2,9,0.9,3055,0,0.03296,-0.1956633,3,25,14,35,24,500000
"2019-03-25 14:35:25.25",304,355,0,12.83,39,1.9782,-108,-11.7392,2,9,0.9,3053.7,0,0.03297,-0.1956533,3,25,14,35,25,250000
"2019-03-25 14:35:26",305,356,0,12.83,39,1.9791,-108,-11.7386,2,9,0.9,3054.3,0,0.032985,-0.1956433,3,25,14,35,26,0
"2019-03-25 14:35:26.75",306,357,0,12.83,39,1.9805,-108,-11.7375,2,9,0.9,3052.7,0,0.03300833,-0.195625,3,25,14,35,26,750000
"2019-03-25 14:35:27.75",307,358,0,12.83,39,1.9823,-108,-11.7363,2,9,0.9,3053,0,0.03303833,-0.195605,3,25,14,35,27,750000
"2019-03-25 14:35:28.5",308,359,0,12.83,39,1.9833,-108,-11.7352,2,9,0.9,3053.4,0,0.033055,-0.1955867,3,25,14,35,28,500000
"2019-03-25 14:35:29.25",309,360,0,12.83,39,1.9844,-108,-11.734,2,9,0.9,3054.2,0,0.03307333,-0.1955667,3,25,14,35,29,250000
"2019-03-25 14:35:30",310,361,0,12.83,39,1.9855,-108,-11.7336,2,9,0.9,3053.5,0,0.03309167,-0.19556,3,25,14,35,30,0
"2019-03-25 14:35:30.75",311,362,0,12.82,39,1.9867,-108,-11.7327,2,9,0.9,3054.2,0,0.03311167,-0.195545,3,25,14,35,30,750000
"2019-03-25 14:35:31.5",312,363,0,12.82,39,1.9885,-108,-11.7314,2,9,0.9,3054,0,0.03314167,-0.1955233,3,25,14,35,31,500000
"2019-03-25 14:35:32.25",313,364,0,12.82,39,1.9899,-108,-11.731,2,9,0.9,3054.1,0,0.033165,-0.1955167,3,25,14,35,32,250000
"2019-03-25 14:35:33",314,365,0,12.83,39,1.9909,-108,-11.7305,2,9,0.9,3052.4,0,0.03318167,-0.1955083,3,25,14,35,33,0
"2019-03-25 14:35:33.75",315,366,0,12.82,39,1.9928,-108,-11.7293,2,9,0.9,3053,0,0.03321333,-0.1954883,3,25,14,35,33,750000
"2019-03-25 14:35:34.5",316,367,0,12.82,39,1.9945,-108,-11.7285,2,10,0.8,3053.3,0,0.03324167,-0.195475,3,25,14,35,34,500000
"2019-03-25 14:35:35.5",317,368,0,12.82,39,1.9942,-108,-11.7272,2,10,0.8,3054.3,0,0.03323667,-0.1954533,3,25,14,35,35,500000
"2019-03-25 14:35:36.25",318,369,0,12.82,39,1.9952,-108,-11.7259,2,10,0.8,3054.1,0,0.03325333,-0.1954317,3,25,14,35,36,250000
"2019-03-25 14:35:37",319,370,0,12.82,39,1.9975,-108,-11.7247,2,10,0.8,3053.9,0,0.03329166,-0.1954117,3,25,14,35,37,0
"2019-03-25 14:35:37.75",320,371,0,12.79,39,2.0405,-108,-11.7811,2,9,0.9,3048.1,0,0.03400833,-0.1963517,3,25,14,35,37,750000
