"TOA5","4540","CR800","4540","CR800.Std.21","CPU:CRREL_GPSProbeC_2014.CR8","51356","OperatorView"
"TIMESTAMP","RECORD","Counter","DepthCm","BattVolts","latitude_a","latitude_b","Longitude_a","Longitude_b","fix_quality","nmbr_satellites","HDOP","altitudeB","DepthVolts","LatitudeDDDDD","LongitudeDDDDD","month","dayofmonth","hourofday","minutes","seconds","microseconds"
"TS","RN","","","","degrees","minutes","degrees","minutes","unitless","","","","","","","","","","","",""
"","","Smp","Smp","Smp","Smp","Smp","Smp","Smp","Smp","Smp","Smp","Smp","Smp","Smp","Smp","Smp","Smp","Smp","Smp","Smp","Smp"
"2019-03-26 08:03:04",17364,100001,0.3,13.11,39,1.4833,-108,-12.5768,1,9,1,3043.1,0,0.02472167,-0.2096133,3,26,8,4,16,120000
"2019-03-26 08:07:08.25",17365,100002,0.3,13.09,39,1.4827,-108,-12.576,2,10,0.8,3036.9,0,0.02471167,-0.2096,3,26,8,7.00000,8,860000
"2019-03-26 08:07:08.5",17366,100003,0.3,12.99,39,2.0752,-108,-13.2852,2,9,0.9,3034.2,0,0.03458667,-0.22142,3,26,8,32,26,710000
"2019-03-26 08:07:09",17367,100004,0.3,12.99,39,2.077,-108,-13.2846,2,9,0.9,3033.2,0,0.03461666,-0.22141,3,26,8,33,0,790000
"2019-03-26 08:07:09.5",17368,100005,0.3,12.99,39,2.0793,-108,-13.2843,2,9,0.9,3033,0,0.034655,-0.221405,3,26,8,33,40,310000
"2019-03-26 08:07:10.25",17369,100006,0.242,12.98,39,2.0813,-108,-13.2845,2,9,0.9,3030.8,-0.004,0.03468834,-0.2214083,3,26,8,37,28,420000
"2019-03-26 08:07:11",17370,100007,0.3,12.98,39,2.0838,-108,-13.2849,2,9,0.9,3030.4,0,0.03473,-0.221415,3,26,8,37,56,570000
"2019-03-26 08:07:11.75",17371,100008,0.3,12.97,39,2.0852,-108,-13.2849,2,9,0.9,3029.4,0,0.03475333,-0.221415,3,26,8,38,31,210000
"2019-03-26 08:07:12.5",17372,100009,0.3,12.97,39,2.0863,-108,-13.2855,2,9,0.9,3028.5,0,0.03477166,-0.221425,3,26,8,39,11,10000
"2019-03-26 08:07:13",17373,100010,0.3,12.97,39,2.0879,-108,-13.285,2,9,0.9,3028.5,0,0.03479833,-0.2214167,3,26,8,39,42,10000
"2019-03-26 08:07:13.75",17374,100011,0.242,12.97,39,2.0899,-108,-13.2852,2,9,0.9,3029.4,-0.004,0.03483166,-0.22142,3,26,8,40,9,660000
"2019-03-26 08:07:14.25",17375,100012,0.3,12.97,39,2.0919,-108,-13.2858,2,9,0.9,3029.4,0,0.034865,-0.22143,3,26,8,40,39,990000
"2019-03-26 08:07:14.75",17376,100013,0.3,12.97,39,2.0934,-108,-13.285,2,9,0.9,3029,0,0.03489,-0.2214167,3,26,8,41,8,470000
"2019-03-26 08:07:15.5",17377,100014,0.3,12.97,39,2.0946,-108,-13.2849,2,8,1.1,3029.4,0,0.03491,-0.221415,3,26,8,41,39,900000
"2019-03-26 08:07:16",17378,100015,0.3,12.97,39,2.0965,-108,-13.2859,2,8,1,3029.3,0,0.03494166,-0.2214317,3,26,8,42,7.00000,880000
"2019-03-26 08:07:16.75",17379,100016,0.3,12.97,39,2.0975,-108,-13.2857,2,7.00000,1.1,3030.9,0,0.03495834,-0.2214283,3,26,8,42,35,530000
"2019-03-26 08:07:17.5",17380,100017,0.3,12.96,39,2.0994,-108,-13.2858,2,8,1,3032.6,0,0.03499,-0.22143,3,26,8,43,4,480000
"2019-03-26 08:07:18",17381,100018,0.3,12.96,39,2.1006,-108,-13.286,2,7.00000,1.1,3032.4,0,0.03501,-0.2214333,3,26,8,43,33,560000
"2019-03-26 08:07:18.75",17382,100019,0.3,12.96,39,2.1024,-108,-13.2854,2,7.00000,1.1,3035.1,0,0.03504,-0.2214233,3,26,8,44,7.00000,970000
"2019-03-26 08:07:19.25",17383,100020,0.3,12.96,39,2.1043,-108,-13.2854,2,8,1,3036.2,0,0.03507167,-0.2214233,3,26,8,44,35,750000
"2019-03-26 08:07:20",17384,100021,0.3,12.96,39,2.1067,-108,-13.2849,2,8,1,3036,0,0.03511166,-0.221415,3,26,8,45,13,20000
"2019-03-26 08:07:20.5",17385,100022,0.3,12.96,39,2.1088,-108,-13.2853,2,8,1,3037.6,0,0.03514666,-0.2214217,3,26,8,45,51,980000
"2019-03-26 08:07:21",17386,100023,0.3,12.96,39,2.1114,-108,-13.2847,2,8,1,3035.8,0,0.03519,-0.2214117,3,26,8,46,29,470000
"2019-03-26 08:07:21.75",17387,100024,0.3,12.95,39,2.1135,-108,-13.284,2,8,1.1,3035.1,0,0.035225,-0.2214,3,26,8,48,47,310000
"2019-03-26 08:07:22.25",17388,100025,0.3,12.95,39,2.1144,-108,-13.2846,2,9,0.9,3036.7,0,0.03524,-0.22141,3,26,8,49,13,630000
"2019-03-26 08:07:22.75",17389,100026,0.3,12.95,39,2.1164,-108,-13.2841,2,8,1.1,3036.9,0,0.03527333,-0.2214017,3,26,8,49,42,570000
"2019-03-26 08:07:23.25",17390,100027,0.3,12.95,39,2.1172,-108,-13.2839,2,9,0.9,3037.2,0,0.03528666,-0.2213983,3,26,8,50,9,910000
"2019-03-26 08:07:24",17391,100028,0.3,12.95,39,2.1197,-108,-13.2833,2,9,1.1,3036,0,0.03532833,-0.2213883,3,26,8,50,46,520000
"2019-03-26 08:07:24.5",17392,100029,0.3,12.95,39,2.1211,-108,-13.2837,2,8,1.1,3036,0,0.03535167,-0.221395,3,26,8,51,25,950000
"2019-03-26 08:07:25",17393,100030,0.3,12.95,39,2.1226,-108,-13.284,2,9,1.1,3036.1,0,0.03537667,-0.2214,3,26,8,51,59,660000
"2019-03-26 08:07:25.75",17394,100031,0.3,12.94,39,2.1232,-108,-13.2839,2,9,0.9,3036.8,0,0.03538667,-0.2213983,3,26,8,52,25,640000
"2019-03-26 08:07:26.25",17395,100032,0.3,12.94,39,2.1241,-108,-13.2836,2,9,0.9,3036,0,0.03540166,-0.2213933,3,26,8,52,55,40000
"2019-03-26 08:07:27",17396,100033,0.3,12.94,39,2.1241,-108,-13.2836,2,9,0.9,3036,0,0.03540166,-0.2213933,3,26,8,52,56,380000
"2019-03-26 08:07:27.5",17397,100034,0.3,12.94,39,2.1241,-108,-13.2836,2,9,1.1,3036,0,0.03540166,-0.2213933,3,26,8,52,57,540000
"2019-03-26 08:07:28",17398,100035,0.3,12.93,39,2.1231,-108,-13.2813,2,9,0.9,3037.1,0,0.035385,-0.221355,3,26,8,54,26,370000
"2019-03-26 08:07:28.5",17399,100036,0.3,12.93,39,2.1218,-108,-13.2807,2,9,0.9,3036.2,0,0.03536333,-0.221345,3,26,8,54,57,300000
"2019-03-26 08:07:29.25",17400,100037,0.3,12.93,39,2.1211,-108,-13.2785,2,9,0.9,3036.1,0,0.03535167,-0.2213083,3,26,8,55,20,730000
"2019-03-26 08:07:29.75",17401,100038,0.3,12.93,39,2.1206,-108,-13.2774,2,9,1.1,3037.5,0,0.03534334,-0.22129,3,26,8,55,50,80000
"2019-03-26 08:07:30.5",17402,100039,0.3,12.93,39,2.1193,-108,-13.2755,2,9,1.1,3038.4,0,0.03532166,-0.2212583,3,26,8,56,18,800000
"2019-03-26 08:07:31.25",17403,100040,0.242,12.93,39,2.1179,-108,-13.2744,2,9,0.9,3039.1,-0.004,0.03529833,-0.22124,3,26,8,56,45,340000
"2019-03-26 08:07:32",17404,100041,0.3,12.93,39,2.1166,-108,-13.2726,2,9,0.9,3038.5,0,0.03527667,-0.22121,3,26,8,57,16,870000
"2019-03-26 08:07:32.5",17405,100042,0.3,12.93,39,2.1154,-108,-13.2714,2,9,0.9,3037.7,0,0.03525667,-0.22119,3,26,8,57,42,640000
"2019-03-26 08:07:33.25",17406,100043,0.3,12.93,39,2.1143,-108,-13.2701,2,9,1.1,3038.4,0,0.03523833,-0.2211683,3,26,8,58,16,690000
"2019-03-26 08:07:34",17407,100044,0.3,12.93,39,2.1136,-108,-13.2681,2,9,1.1,3037.5,0,0.03522666,-0.221135,3,26,8,58,53,670000
"2019-03-26 08:07:34.5",17408,100045,0.3,12.93,39,2.1127,-108,-13.2669,2,9,1.1,3036.6,0,0.03521167,-0.221115,3,26,8,59,27,820000
"2019-03-26 08:07:35.25",17409,100046,0.3,12.93,39,2.1117,-108,-13.2653,2,9,1.1,3036.7,0,0.035195,-0.2210883,3,26,9,0,19,780000
"2019-03-26 08:07:35.75",17410,100047,0.3,12.92,39,2.1115,-108,-13.2634,2,9,0.9,3037.5,0,0.03519167,-0.2210567,3,26,9,0,47,230000
"2019-03-26 08:07:36.25",17411,100048,0.3,12.92,39,2.1106,-108,-13.2627,2,9,0.9,3037.3,0,0.03517667,-0.221045,3,26,9,1,19,280000
"2019-03-26 08:07:36.75",17412,100049,0.3,12.92,39,2.1093,-108,-13.26,2,9,0.9,3038.7,0,0.035155,-0.221,3,26,9,1,50,360000
"2019-03-26 08:07:37.25",17413,100050,0.3,12.92,39,2.1081,-108,-13.2584,2,9,1.1,3038.8,0,0.035135,-0.2209733,3,26,9,2,25,890000
"2019-03-26 08:07:37.75",17414,100051,0.3,12.92,39,2.1072,-108,-13.2574,2,9,0.9,3038.9,0,0.03512,-0.2209567,3,26,9,3,1,290000
"2019-03-26 08:07:38.25",17415,100052,0.3,12.92,39,2.1062,-108,-13.2563,2,10,0.9,3038.1,0,0.03510333,-0.2209383,3,26,9,3,29,660000
"2019-03-26 08:07:38.75",17416,100053,0.3,12.92,39,2.1055,-108,-13.2539,2,10,0.9,3037.6,0,0.03509166,-0.2208983,3,26,9,4,16,500000
"2019-03-26 08:07:39.5",17417,100054,0.3,12.92,39,2.1046,-108,-13.2529,2,10,0.9,3037.1,0,0.03507667,-0.2208817,3,26,9,4,44,250000
"2019-03-26 08:07:40",17418,100055,0.3,12.91,39,2.1035,-108,-13.2513,2,10,0.9,3036.7,0,0.03505833,-0.220855,3,26,9,5,10,930000
"2019-03-26 08:07:40.75",17419,100056,0.3,12.91,39,2.1022,-108,-13.249,2,10,0.9,3037,0,0.03503667,-0.2208167,3,26,9,6,42,860000
"2019-03-26 08:07:41.25",17420,100057,0.3,12.91,39,2.1011,-108,-13.2484,2,10,0.9,3037.7,0,0.03501833,-0.2208067,3,26,9,7.00000,2,400000
"2019-03-26 08:07:41.75",17421,100058,0.3,12.91,39,2.099,-108,-13.2454,2,10,0.9,3037.7,0,0.03498333,-0.2207567,3,26,9,7.00000,17,640000
"2019-03-26 08:07:42.25",17422,100059,0.3,12.91,39,2.0974,-108,-13.2434,2,10,0.9,3039.1,0,0.03495667,-0.2207233,3,26,9,7.00000,40,840000
"2019-03-26 08:07:42.75",17423,100060,0.3,12.91,39,2.0958,-108,-13.2411,2,10,0.9,3039,0,0.03493,-0.220685,3,26,9,8,11,980000
"2019-03-26 08:07:43.25",17424,100061,0.3,12.91,39,2.0951,-108,-13.239,2,10,0.9,3038.8,0,0.03491833,-0.22065,3,26,9,8,50,390000
"2019-03-26 08:07:43.75",17425,100062,0.242,12.91,39,2.0933,-108,-13.2368,2,10,0.9,3039.4,-0.004,0.03488834,-0.2206133,3,26,9,9,16,840000
"2019-03-26 08:07:44.25",17426,100063,0.3,12.91,39,2.0925,-108,-13.2356,2,10,0.9,3037.6,0,0.034875,-0.2205933,3,26,9,9,37,400000
"2019-03-26 08:07:44.75",17427,100064,0.242,12.91,39,2.0909,-108,-13.2339,2,9,0.9,3038.6,-0.004,0.03484833,-0.220565,3,26,9,9,56,80000
"2019-03-26 08:07:45.25",17428,100065,0.3,12.91,39,2.0894,-108,-13.2314,2,10,0.8,3039,0,0.03482334,-0.2205233,3,26,9,10,17,870000
"2019-03-26 08:07:45.75",17429,100066,0.3,12.91,39,2.088,-108,-13.2288,2,10,0.8,3039.2,0,0.0348,-0.22048,3,26,9,10,39,620000
"2019-03-26 08:07:46.25",17430,100067,0.3,12.9,39,2.0866,-108,-13.227,2,10,0.8,3038.8,0,0.03477667,-0.22045,3,26,9,10,55,130000
"2019-03-26 08:07:46.75",17431,100068,0.3,12.9,39,2.0845,-108,-13.2246,2,10,0.9,3039.2,0,0.03474167,-0.22041,3,26,9,11,11,490000
"2019-03-26 08:07:47.25",17432,100069,0.3,12.9,39,2.0831,-108,-13.2234,2,10,0.9,3039.7,0,0.03471834,-0.22039,3,26,9,11,29,730000
"2019-03-26 08:07:47.75",17433,100070,0.3,12.91,39,2.0808,-108,-13.2209,2,10,0.8,3039.6,0,0.03468,-0.2203483,3,26,9,11,47,590000
"2019-03-26 08:07:48.5",17434,100071,0.3,12.9,39,2.0788,-108,-13.2195,2,10,0.9,3041,0,0.03464667,-0.220325,3,26,9,12,2,530000
"2019-03-26 08:07:49.25",17435,100072,0.3,12.9,39,2.0764,-108,-13.2171,2,10,0.8,3038.6,0,0.03460667,-0.220285,3,26,9,12,23,570000
"2019-03-26 08:07:49.75",17436,100073,0.3,12.9,39,2.0748,-108,-13.2159,2,10,0.9,3039,0,0.03458,-0.220265,3,26,9,12,45,960000
"2019-03-26 08:07:50.25",17437,100074,0.3,12.9,39,2.0723,-108,-13.2142,2,10,0.9,3039.6,0,0.03453833,-0.2202367,3,26,9,13,3,840000
"2019-03-26 08:07:51",17438,100075,0.3,12.9,39,2.0707,-108,-13.2132,2,10,0.9,3038.7,0,0.03451167,-0.22022,3,26,9,13,22,330000
"2019-03-26 08:07:51.5",17439,100076,0.3,12.9,39,2.0681,-108,-13.2102,2,10,0.9,3038.2,0,0.03446834,-0.22017,3,26,9,13,46,720000
"2019-03-26 08:07:52.25",17440,100077,0.3,12.9,39,2.0658,-108,-13.2093,2,10,0.9,3038,0,0.03443,-0.220155,3,26,9,14,10,480000
"2019-03-26 08:07:53",17441,100078,0.242,12.9,39,2.0633,-108,-13.2073,2,10,0.9,3039,-0.004,0.03438833,-0.2201217,3,26,9,14,25,380000
"2019-03-26 08:07:53.75",17442,100079,0.3,12.9,39,2.0624,-108,-13.2068,2,10,0.9,3037.9,0,0.03437334,-0.2201133,3,26,9,15,36,840000
"2019-03-26 08:07:54.5",17443,100080,0.3,12.89,39,2.0624,-108,-13.2068,2,10,0.9,3037.9,0,0.03437334,-0.2201133,3,26,9,15,37,880000
"2019-03-26 08:07:55.25",17444,100081,0.3,12.89,39,2.0624,-108,-13.2068,2,10,0.9,3038,0,0.03437334,-0.2201133,3,26,9,15,38,840000
"2019-03-26 08:07:56",17445,100082,0.3,12.89,39,2.0623,-108,-13.2096,2,10,0.9,3038.9,0,0.03437167,-0.22016,3,26,9,16,44,940000
"2019-03-26 08:07:56.5",17446,100083,0.3,12.89,39,2.0629,-108,-13.2128,2,10,0.8,3035.5,0,0.03438167,-0.2202133,3,26,9,17,8,190000
"2019-03-26 08:07:57",17447,100084,0.3,12.89,39,2.0632,-108,-13.2154,2,10,0.8,3034.6,0,0.03438667,-0.2202567,3,26,9,17,24,970000
"2019-03-26 08:07:57.75",17448,100085,0.3,12.89,39,2.0633,-108,-13.2185,2,10,0.9,3036.4,0,0.03438833,-0.2203083,3,26,9,17,42,180000
"2019-03-26 08:07:58.25",17449,100086,0.3,12.89,39,2.063,-108,-13.2209,2,10,0.8,3038.5,0,0.03438334,-0.2203483,3,26,9,17,59,400000
"2019-03-26 08:07:59",17450,100087,0.3,12.89,39,2.0632,-108,-13.2234,2,10,0.8,3036.9,0,0.03438667,-0.22039,3,26,9,18,42,610000
"2019-03-26 08:07:59.5",17451,100088,0.3,12.89,39,2.0638,-108,-13.226,2,10,0.9,3036.4,0,0.03439667,-0.2204333,3,26,9,19,28,580000
"2019-03-26 08:08:00",17452,100089,0.242,12.88,39,2.0639,-108,-13.2286,2,10,0.9,3036.1,-0.004,0.03439833,-0.2204767,3,26,9,19,54,370000
"2019-03-26 08:08:00.5",17453,100090,0.3,12.89,39,2.0639,-108,-13.2319,2,9,0.9,3038.2,0,0.03439833,-0.2205317,3,26,9,20,34,860000
"2019-03-26 08:08:01.25",17454,100091,0.3,12.88,39,2.0648,-108,-13.2343,2,9,0.9,3037.9,0,0.03441333,-0.2205717,3,26,9,21,14,890000
"2019-03-26 08:08:02",17455,100092,0.3,12.88,39,2.0649,-108,-13.2365,2,9,0.9,3037.1,0,0.034415,-0.2206083,3,26,9,21,39,540000
"2019-03-26 08:08:02.75",17456,100093,0.3,12.88,39,2.0645,-108,-13.2403,2,9,0.9,3037.4,0,0.03440834,-0.2206717,3,26,9,22,10,190000
"2019-03-26 08:08:03.75",17457,100094,0.3,12.88,39,2.0647,-108,-13.2425,2,9,0.9,3037,0,0.03441166,-0.2207083,3,26,9,22,49,800000
"2019-03-26 08:08:04.5",17458,100095,0.3,12.88,39,2.0652,-108,-13.2448,2,9,0.9,3036.9,0,0.03442,-0.2207467,3,26,9,24,26,670000
"2019-03-26 08:08:05",17459,100096,0.3,12.88,39,2.065,-108,-13.2473,2,9,0.9,3037.8,0,0.03441667,-0.2207883,3,26,9,24,47,710000
"2019-03-26 08:08:06",17460,100097,0.3,12.87,39,2.0653,-108,-13.2506,2,9,0.9,3038.8,0,0.03442167,-0.2208433,3,26,9,25,15,420000
"2019-03-26 08:08:06.5",17461,100098,0.3,12.87,39,2.065,-108,-13.2531,2,9,0.9,3039.1,0,0.03441667,-0.220885,3,26,9,25,33,610000
"2019-03-26 08:08:07.25",17462,100099,0.3,12.87,39,2.0651,-108,-13.2551,2,9,0.9,3038.2,0,0.03441833,-0.2209183,3,26,9,26,39,800000
"2019-03-26 08:08:07.75",17463,100100,0.242,12.87,39,2.0651,-108,-13.2581,2,9,0.9,3038.2,-0.004,0.03441833,-0.2209683,3,26,9,26,58,90000
"2019-03-26 08:08:08.5",17464,100101,0.3,12.87,39,2.0656,-108,-13.2609,2,9,0.9,3037.5,0,0.03442667,-0.221015,3,26,9,27,17,470000
"2019-03-26 08:08:09",17465,100102,0.3,12.87,39,2.0654,-108,-13.263,2,9,0.9,3037.4,0,0.03442333,-0.22105,3,26,9,27,49,90000
"2019-03-26 08:08:09.5",17466,100103,0.3,12.87,39,2.0658,-108,-13.266,2,9,0.9,3038.2,0,0.03443,-0.2211,3,26,9,28,13,660000
"2019-03-26 08:08:10",17467,100104,0.3,12.87,39,2.0659,-108,-13.2688,2,9,0.9,3037.4,0,0.03443167,-0.2211467,3,26,9,28,30,630000
"2019-03-26 08:08:10.75",17468,100105,0.3,12.87,39,2.0661,-108,-13.2713,2,9,0.9,3037,0,0.034435,-0.2211883,3,26,9,28,53,400000
"2019-03-26 08:08:11.25",17469,100106,0.3,12.87,39,2.0665,-108,-13.2748,2,9,0.9,3038,0,0.03444166,-0.2212467,3,26,9,29,9,350000
"2019-03-26 08:08:12",17470,100107,0.3,12.87,39,2.0661,-108,-13.2769,2,9,0.9,3037.3,0,0.034435,-0.2212817,3,26,9,29,28,670000
"2019-03-26 08:08:12.75",17471,100108,0.3,12.87,39,2.0666,-108,-13.2792,2,9,0.9,3037.5,0,0.03444333,-0.22132,3,26,9,29,51,280000
"2019-03-26 08:08:13.5",17472,100109,0.3,12.87,39,2.0669,-108,-13.2827,2,9,0.9,3036.2,0,0.03444833,-0.2213783,3,26,9,30,10,390000
"2019-03-26 08:08:14.5",17473,100110,0.3,12.87,39,2.0669,-108,-13.2857,2,9,0.9,3036.2,0,0.03444833,-0.2214283,3,26,9,30,24,800000
"2019-03-26 08:08:15",17474,100111,0.3,12.87,39,2.0672,-108,-13.288,2,9,0.9,3035.9,0,0.03445333,-0.2214667,3,26,9,30,49,20000
"2019-03-26 08:08:16",17475,100112,0.3,12.87,39,2.0678,-108,-13.2897,2,9,0.9,3036.3,0,0.03446334,-0.221495,3,26,9,31,10,320000
"2019-03-26 08:08:16.75",17476,100113,0.3,12.87,39,2.0679,-108,-13.2928,2,9,0.9,3036,0,0.034465,-0.2215467,3,26,9,31,37,940000
"2019-03-26 08:08:17.5",17477,100114,0.3,12.86,39,2.068,-108,-13.2957,2,9,0.9,3036.4,0,0.03446667,-0.221595,3,26,9,32,12,240000
"2019-03-26 08:08:18.25",17478,100115,0.3,12.86,39,2.0676,-108,-13.2973,2,9,0.9,3037,0,0.03446,-0.2216217,3,26,9,32,27,440000
"2019-03-26 08:08:19",17479,100116,0.3,12.86,39,2.068,-108,-13.3004,2,9,0.9,3037.7,0,0.03446667,-0.2216733,3,26,9,32,43,60000
"2019-03-26 08:08:19.75",17480,100117,0.3,12.86,39,2.0685,-108,-13.3033,2,9,0.9,3036.7,0,0.034475,-0.2217217,3,26,9,33,5,450000
"2019-03-26 08:08:20.5",17481,100118,0.3,12.86,39,2.0684,-108,-13.3052,2,9,0.9,3036.5,0,0.03447333,-0.2217533,3,26,9,33,29,900000
"2019-03-26 08:08:21.25",17482,100119,0.3,12.86,39,2.0687,-108,-13.3082,2,9,0.9,3036.7,0,0.03447833,-0.2218033,3,26,9,33,46,570000
"2019-03-26 08:08:21.75",17483,100120,0.3,12.86,39,2.0688,-108,-13.3117,2,9,0.9,3037.5,0,0.03448,-0.2218617,3,26,9,34,2,780000
"2019-03-26 08:08:22.75",17484,100121,0.3,12.86,39,2.0685,-108,-13.3151,2,9,0.9,3036.8,0,0.034475,-0.2219183,3,26,9,34,21,570000
"2019-03-26 08:08:23.25",17485,100122,0.3,12.86,39,2.0687,-108,-13.3167,2,9,0.9,3037,0,0.03447833,-0.221945,3,26,9,34,41,280000
"2019-03-26 08:08:24",17486,100123,0.3,12.86,39,2.0687,-108,-13.3188,2,9,0.9,3036.7,0,0.03447833,-0.22198,3,26,9,35,2,690000
"2019-03-26 08:08:24.5",17487,100124,0.3,12.86,39,2.0689,-108,-13.3216,2,9,0.9,3035.1,0,0.03448167,-0.2220267,3,26,9,35,21,200000
"2019-03-26 08:08:25.25",17488,100125,0.3,12.86,39,2.0694,-108,-13.3253,2,9,0.9,3033.2,0,0.03449,-0.2220883,3,26,9,35,43,850000
"2019-03-26 08:08:25.75",17489,100126,0.242,12.86,39,2.0701,-108,-13.328,2,9,0.9,3032.9,-0.004,0.03450167,-0.2221333,3,26,9,36,10,280000
"2019-03-26 08:08:26.5",17490,100127,0.3,12.86,39,2.0704,-108,-13.3308,2,9,0.9,3033.7,0,0.03450667,-0.22218,3,26,9,36,46,600000
"2019-03-26 08:08:27",17491,100128,0.3,12.86,39,2.0707,-108,-13.3332,2,9,0.9,3033.8,0,0.03451167,-0.22222,3,26,9,37,33,920000
"2019-03-26 08:08:27.5",17492,100129,0.3,12.86,39,2.0704,-108,-13.3366,2,9,0.9,3033.8,0,0.03450667,-0.2222767,3,26,9,38,6,380000
"2019-03-26 08:08:28",17493,100130,0.3,12.85,39,2.0706,-108,-13.3383,2,9,0.9,3034.3,0,0.03451,-0.222305,3,26,9,38,32,900000
"2019-03-26 08:08:28.5",17494,100131,0.3,12.85,39,2.0707,-108,-13.3414,2,9,0.9,3033.7,0,0.03451167,-0.2223567,3,26,9,38,51,100000
"2019-03-26 08:08:29",17495,100132,0.3,12.85,39,2.0708,-108,-13.3442,2,9,0.9,3034.8,0,0.03451334,-0.2224033,3,26,9,39,9,460000
"2019-03-26 08:08:29.5",17496,100133,0.3,12.85,39,2.0713,-108,-13.3475,2,9,0.9,3033.2,0,0.03452166,-0.2224583,3,26,9,40,9,360000
"2019-03-26 08:08:30",17497,100134,0.3,12.85,39,2.0718,-108,-13.3505,2,9,0.9,3033.5,0,0.03453,-0.2225083,3,26,9,40,39,580000
"2019-03-26 08:08:30.75",17498,100135,0.3,12.85,39,2.0722,-108,-13.3521,2,9,0.9,3033.1,0,0.03453667,-0.222535,3,26,9,41,9,190000
"2019-03-26 08:08:31.25",17499,100136,0.3,12.85,39,2.0722,-108,-13.3521,2,9,0.9,3033.1,0,0.03453667,-0.222535,3,26,9,41,10,330000
"2019-03-26 08:08:32",17500,100137,0.3,12.85,39,2.0722,-108,-13.3521,2,9,0.9,3033.1,0,0.03453667,-0.222535,3,26,9,41,11,440000
"2019-03-26 08:08:32.75",17501,100138,0.3,12.85,39,2.0708,-108,-13.3503,2,9,0.9,3033.3,0,0.03451334,-0.222505,3,26,9,41,56,460000
"2019-03-26 08:08:33.25",17502,100139,0.3,12.85,39,2.0695,-108,-13.3489,2,8,1,3032.9,0,0.03449166,-0.2224817,3,26,9,42,22,420000
"2019-03-26 08:08:34",17503,100140,0.3,12.85,39,2.0668,-108,-13.3473,2,9,0.9,3033.4,0,0.03444667,-0.222455,3,26,9,42,40,80000
"2019-03-26 08:08:34.5",17504,100141,0.3,12.85,39,2.0658,-108,-13.3463,2,9,0.9,3034.3,0,0.03443,-0.2224383,3,26,9,42,58,670000
"2019-03-26 08:08:35.25",17505,100142,0.3,12.85,39,2.0638,-108,-13.3444,2,9,0.9,3034.7,0,0.03439667,-0.2224067,3,26,9,43,19,360000
"2019-03-26 08:08:36",17506,100143,0.3,12.85,39,2.0613,-108,-13.3423,2,9,0.9,3034.6,0,0.034355,-0.2223717,3,26,9,43,42,260000
"2019-03-26 08:08:36.75",17507,100144,0.3,12.85,39,2.0597,-108,-13.3413,2,9,0.9,3034.1,0,0.03432834,-0.222355,3,26,9,44,4,660000
"2019-03-26 08:08:37.25",17508,100145,0.3,12.84,39,2.0584,-108,-13.3397,2,9,0.9,3035.3,0,0.03430666,-0.2223283,3,26,9,44,22,200000
"2019-03-26 08:08:38.25",17509,100146,0.3,12.84,39,2.0565,-108,-13.3374,2,8,1.1,3034.7,0,0.034275,-0.22229,3,26,9,44,39,60000
"2019-03-26 08:08:39",17510,100147,0.3,12.84,39,2.0548,-108,-13.3354,2,8,1.1,3033.9,0,0.03424667,-0.2222567,3,26,9,45,1,440000
"2019-03-26 08:08:39.5",17511,100148,0.3,12.84,39,2.053,-108,-13.3339,2,8,1,3034.5,0,0.03421666,-0.2222317,3,26,9,45,27,810000
"2019-03-26 08:08:40",17512,100149,0.3,12.84,39,2.0517,-108,-13.331,2,9,0.9,3035.6,0,0.034195,-0.2221833,3,26,9,45,47,280000
"2019-03-26 08:08:40.75",17513,100150,0.3,12.84,39,2.0503,-108,-13.3293,2,9,0.9,3035.6,0,0.03417166,-0.222155,3,26,9,46,6,340000
"2019-03-26 08:08:41.25",17514,100151,0.3,12.84,39,2.0481,-108,-13.3274,2,9,0.9,3034.9,0,0.034135,-0.2221233,3,26,9,46,26,440000
"2019-03-26 08:08:41.75",17515,100152,0.3,12.84,39,2.0461,-108,-13.3249,2,9,0.9,3036.6,0,0.03410166,-0.2220817,3,26,9,46,46,130000
"2019-03-26 08:08:42.5",17516,100153,0.3,12.84,39,2.0445,-108,-13.3238,2,9,0.9,3036.6,0,0.034075,-0.2220633,3,26,9,47,7.00000,810000
"2019-03-26 08:08:43",17517,100154,0.3,12.84,39,2.0429,-108,-13.3221,2,9,0.9,3036.8,0,0.03404833,-0.222035,3,26,9,47,23,870000
"2019-03-26 08:08:43.5",17518,100155,0.3,12.84,39,2.0414,-108,-13.321,2,9,0.9,3035.6,0,0.03402333,-0.2220167,3,26,9,47,45,670000
"2019-03-26 08:08:44",17519,100156,0.3,12.84,39,2.0397,-108,-13.319,2,9,0.9,3035.9,0,0.033995,-0.2219833,3,26,9,48,7.00000,530000
"2019-03-26 08:08:44.5",17520,100157,0.3,12.84,39,2.0375,-108,-13.317,2,9,0.9,3037,0,0.03395833,-0.22195,3,26,9,48,27,340000
"2019-03-26 08:08:45.25",17521,100158,0.3,12.84,39,2.0355,-108,-13.3157,2,9,0.9,3037.7,0,0.033925,-0.2219283,3,26,9,48,44,260000
"2019-03-26 08:08:46.25",17522,100159,0.3,12.84,39,2.0336,-108,-13.3146,2,9,0.9,3037.4,0,0.03389334,-0.22191,3,26,9,49,11,380000
"2019-03-26 08:08:47",17523,100160,0.3,12.84,39,2.0318,-108,-13.3126,2,9,0.9,3037.3,0,0.03386333,-0.2218767,3,26,9,49,31,660000
"2019-03-26 08:08:47.75",17524,100161,0.3,12.84,39,2.0301,-108,-13.3112,2,9,0.9,3037.4,0,0.033835,-0.2218533,3,26,9,49,50,320000
"2019-03-26 08:08:48.5",17525,100162,0.3,12.84,39,2.028,-108,-13.3096,2,9,0.9,3036.2,0,0.0338,-0.2218267,3,26,9,50,9,910000
"2019-03-26 08:08:49.5",17526,100163,0.3,12.83,39,2.0266,-108,-13.3078,2,9,0.9,3036.4,0,0.03377666,-0.2217967,3,26,9,50,29,150000
"2019-03-26 08:08:50.25",17527,100164,0.3,12.84,39,2.0249,-108,-13.3054,2,8,1.1,3036.6,0,0.03374833,-0.2217567,3,26,9,50,56,140000
"2019-03-26 08:08:51.25",17528,100165,0.3,12.83,39,2.0229,-108,-13.3033,2,9,0.9,3036.4,0,0.033715,-0.2217217,3,26,9,51,10,400000
"2019-03-26 08:08:52",17529,100166,0.3,12.83,39,2.021,-108,-13.3011,2,9,0.9,3035.1,0,0.03368333,-0.221685,3,26,9,51,27,180000
"2019-03-26 08:08:52.5",17530,100167,0.3,12.83,39,2.0198,-108,-13.2992,2,9,0.9,3037.2,0,0.03366333,-0.2216533,3,26,9,51,42,880000
"2019-03-26 08:08:53",17531,100168,0.3,12.83,39,2.018,-108,-13.297,2,9,0.9,3039.2,0,0.03363333,-0.2216167,3,26,9,52,4,500000
"2019-03-26 08:08:53.75",17532,100169,0.3,12.83,39,2.018,-108,-13.297,2,9,0.9,3039.2,0,0.03363333,-0.2216167,3,26,9,52,5,760000
"2019-03-26 08:08:54.25",17533,100170,0.3,12.82,39,2.018,-108,-13.297,2,8,1.1,3039.1,0,0.03363333,-0.2216167,3,26,9,52,6,970000
"2019-03-26 08:08:54.75",17534,100171,0.3,12.83,39,2.0194,-108,-13.2966,2,9,0.9,3037.5,0,0.03365666,-0.22161,3,26,9,52,47,140000
"2019-03-26 08:08:55.25",17535,100172,0.3,12.83,39,2.0217,-108,-13.2957,2,9,0.9,3035.9,0,0.033695,-0.221595,3,26,9,53,0,740000
"2019-03-26 08:08:56",17536,100173,0.3,12.83,39,2.0238,-108,-13.295,2,9,0.9,3034.4,0,0.03373,-0.2215833,3,26,9,53,17,640000
"2019-03-26 08:08:56.75",17537,100174,0.3,12.83,39,2.0258,-108,-13.2941,2,9,0.9,3034,0,0.03376334,-0.2215683,3,26,9,53,43,50000
"2019-03-26 08:08:57.5",17538,100175,0.3,12.83,39,2.0275,-108,-13.2943,2,9,0.9,3034.4,0,0.03379166,-0.2215717,3,26,9,54,1,310000
"2019-03-26 08:08:58.25",17539,100176,0.3,12.83,39,2.0299,-108,-13.2926,2,9,0.9,3034,0,0.03383167,-0.2215433,3,26,9,54,18,310000
"2019-03-26 08:08:59",17540,100177,0.3,12.82,39,2.0321,-108,-13.2925,2,9,0.9,3033.8,0,0.03386833,-0.2215417,3,26,9,54,32,870000
"2019-03-26 08:08:59.5",17541,100178,0.3,12.82,39,2.0337,-108,-13.2923,2,9,0.9,3034.3,0,0.033895,-0.2215383,3,26,9,54,48,220000
"2019-03-26 08:09:00.25",17542,100179,0.3,12.82,39,2.0361,-108,-13.2914,2,9,0.9,3034,0,0.033935,-0.2215233,3,26,9,55,5,480000
"2019-03-26 08:09:01",17543,100180,0.3,12.82,39,2.0384,-108,-13.2917,2,9,0.9,3035.1,0,0.03397333,-0.2215283,3,26,9,55,19,990000
"2019-03-26 08:09:01.75",17544,100181,0.3,12.82,39,2.0401,-108,-13.2907,2,9,0.9,3034.6,0,0.03400167,-0.2215117,3,26,9,55,32,820000
"2019-03-26 08:09:02.5",17545,100182,0.3,12.82,39,2.0423,-108,-13.2904,2,9,0.9,3035.3,0,0.03403833,-0.2215067,3,26,9,55,46,400000
"2019-03-26 08:09:03.25",17546,100183,0.3,12.82,39,2.0446,-108,-13.2901,2,9,0.9,3035.4,0,0.03407667,-0.2215017,3,26,9,56,0,260000
"2019-03-26 08:09:04",17547,100184,0.3,12.82,39,2.0472,-108,-13.2891,2,9,0.9,3036.3,0,0.03412,-0.221485,3,26,9,56,15,660000
"2019-03-26 08:09:04.75",17548,100185,0.242,12.82,39,2.0494,-108,-13.2893,2,9,0.9,3036.6,-0.004,0.03415667,-0.2214883,3,26,9,56,31,130000
"2019-03-26 08:09:05.25",17549,100186,0.3,12.82,39,2.0519,-108,-13.2882,2,9,0.9,3036,0,0.03419833,-0.22147,3,26,9,56,49,360000
"2019-03-26 08:09:06",17550,100187,0.3,12.82,39,2.0544,-108,-13.2876,2,9,0.9,3034.9,0,0.03424,-0.22146,3,26,9,57,4,470000
"2019-03-26 08:09:06.5",17551,100188,0.3,12.82,39,2.0568,-108,-13.2877,2,9,0.9,3035.9,0,0.03428,-0.2214617,3,26,9,57,18,200000
"2019-03-26 08:09:07.25",17552,100189,0.3,12.82,39,2.0588,-108,-13.2868,2,9,0.9,3035.7,0,0.03431333,-0.2214467,3,26,9,57,30,880000
"2019-03-26 08:09:07.75",17553,100190,0.3,12.82,39,2.0609,-108,-13.2861,2,9,0.9,3036.1,0,0.03434833,-0.221435,3,26,9,57,45,900000
"2019-03-26 08:09:08.5",17554,100191,0.3,12.82,39,2.0637,-108,-13.2872,2,9,0.9,3035.4,0,0.034395,-0.2214533,3,26,9,58,13,140000
"2019-03-26 08:09:09.25",17555,100192,0.3,12.82,39,2.066,-108,-13.2872,2,9,0.9,3035.5,0,0.03443333,-0.2214533,3,26,9,58,31,750000
"2019-03-26 08:09:10",17556,100193,0.3,12.82,39,2.068,-108,-13.2861,2,9,0.9,3035.2,0,0.03446667,-0.221435,3,26,9,58,49,800000
"2019-03-26 08:09:10.75",17557,100194,0.3,12.82,39,2.071,-108,-13.2862,2,9,0.9,3034.5,0,0.03451667,-0.2214367,3,26,9,59,10,900000
"2019-03-26 08:09:11.5",17558,100195,0.3,12.82,39,2.0727,-108,-13.2867,2,9,0.9,3035.1,0,0.034545,-0.221445,3,26,9,59,29,440000
"2019-03-26 08:09:12",17559,100196,0.3,12.82,39,2.0753,-108,-13.2864,2,8,1.2,3035.6,0,0.03458833,-0.22144,3,26,9,59,46,730000
"2019-03-26 08:09:12.75",17560,100197,0.3,12.81,39,2.072,-108,-13.2928,2,8,1.2,3036.8,0,0.03453333,-0.2215467,3,26,10,2,9,500000
"2019-03-26 08:09:13.25",17561,100198,0.3,12.9,39,2.072,-108,-13.2927,2,8,1.2,3036.8,0,0.03453333,-0.221545,3,26,10,40,39,90000
"2019-03-26 10:40:27.25",17562,100199,0.3,12.85,39,2.1931,-108,-13.2575,1,10,0.8,3021.5,0,0.03655166,-0.2209583,3,26,10,40,27,860000
"2019-03-26 10:40:27.5",17563,100200,0.3,12.81,39,2.1924,-108,-13.2535,2,10,0.8,3023,0,0.03654,-0.2208917,3,26,10,50,12,350000
"2019-03-26 10:40:28.25",17564,100201,0.3,12.81,39,2.1929,-108,-13.2518,2,10,0.8,3023.9,0,0.03654833,-0.2208633,3,26,10,50,43,950000
"2019-03-26 10:40:29",17565,100202,0.3,12.8,39,2.1934,-108,-13.2493,2,9,0.9,3024.2,0,0.03655666,-0.2208217,3,26,10,51,42,240000
"2019-03-26 10:40:29.75",17566,100203,0.3,12.8,39,2.1939,-108,-13.248,2,10,0.8,3024.2,0,0.036565,-0.2208,3,26,10,52,8,690000
"2019-03-26 10:40:30.5",17567,100204,0.3,12.8,39,2.1939,-108,-13.2459,2,10,0.8,3023.4,0,0.036565,-0.220765,3,26,10,52,30,0
"2019-03-26 10:40:31",17568,100205,0.3,12.8,39,2.1947,-108,-13.2439,2,9,0.9,3024,0,0.03657834,-0.2207317,3,26,10,52,54,780000
"2019-03-26 10:40:31.75",17569,100206,0.3,12.8,39,2.1951,-108,-13.242,2,10,0.8,3024.5,0,0.036585,-0.2207,3,26,10,53,16,80000
"2019-03-26 10:40:32.25",17570,100207,0.3,12.8,39,2.1952,-108,-13.2396,2,10,0.8,3025.1,0,0.03658666,-0.22066,3,26,10,53,44,780000
"2019-03-26 10:40:33",17571,100208,0.3,12.8,39,2.1954,-108,-13.2382,2,10,0.8,3026.3,0,0.03659,-0.2206367,3,26,10,54,15,950000
"2019-03-26 10:40:33.5",17572,100209,0.242,12.8,39,2.1957,-108,-13.2367,2,10,0.8,3026.2,-0.004,0.036595,-0.2206117,3,26,10,54,39,370000
"2019-03-26 10:40:34.25",17573,100210,0.3,12.79,39,2.1962,-108,-13.2347,2,10,0.8,3026.6,0,0.03660333,-0.2205783,3,26,10,55,4,520000
"2019-03-26 10:40:34.75",17574,100211,0.3,12.8,39,2.1973,-108,-13.2321,2,10,0.8,3025.9,0,0.03662167,-0.220535,3,26,10,55,34,700000
"2019-03-26 10:40:35.5",17575,100212,0.3,12.8,39,2.1976,-108,-13.2308,2,10,0.8,3025.8,0,0.03662666,-0.2205133,3,26,10,56,3,170000
"2019-03-26 10:40:36.25",17576,100213,0.3,12.79,39,2.1971,-108,-13.2284,2,10,0.8,3025.5,0,0.03661833,-0.2204733,3,26,10,56,23,850000
"2019-03-26 10:40:37",17577,100214,0.3,12.79,39,2.1977,-108,-13.226,2,10,0.8,3024.8,0,0.03662833,-0.2204333,3,26,10,56,56,360000
"2019-03-26 10:40:37.5",17578,100215,0.3,12.79,39,2.198,-108,-13.2246,2,10,0.8,3025.7,0,0.03663333,-0.22041,3,26,10,57,16,940000
"2019-03-26 10:40:38",17579,100216,0.242,12.79,39,2.199,-108,-13.222,2,10,0.8,3024.8,-0.004,0.03665,-0.2203667,3,26,10,58,22,0
"2019-03-26 10:40:38.5",17580,100217,0.3,12.79,39,2.1993,-108,-13.22,2,10,0.8,3025.2,0,0.036655,-0.2203333,3,26,10,58,59,440000
"2019-03-26 10:40:39",17581,100218,0.3,12.79,39,2.2,-108,-13.2189,2,10,0.8,3026,0,0.03666667,-0.220315,3,26,10,59,43,410000
"2019-03-26 10:40:39.75",17582,100219,0.3,12.79,39,2.1998,-108,-13.2172,2,10,0.8,3025.5,0,0.03666334,-0.2202867,3,26,11,0,25,30000
"2019-03-26 10:40:40.5",17583,100220,0.3,12.79,39,2.2001,-108,-13.2148,2,10,0.8,3024.7,0,0.03666834,-0.2202467,3,26,11,0,57,600000
"2019-03-26 10:40:41.25",17584,100221,0.3,12.78,39,2.2005,-108,-13.2128,2,10,0.8,3025.1,0,0.036675,-0.2202133,3,26,11,1,26,320000
"2019-03-26 10:40:42",17585,100222,0.3,12.78,39,2.2009,-108,-13.2115,2,10,0.8,3024.7,0,0.03668167,-0.2201917,3,26,11,2,4,590000
"2019-03-26 10:40:42.75",17586,100223,0.3,12.78,39,2.2014,-108,-13.2099,2,10,0.8,3024.4,0,0.03669,-0.220165,3,26,11,2,36,620000
"2019-03-26 10:40:43.5",17587,100224,0.3,12.78,39,2.2019,-108,-13.2081,2,10,0.8,3023.7,0,0.03669833,-0.220135,3,26,11,3,13,410000
"2019-03-26 10:40:44",17588,100225,0.3,12.78,39,2.2026,-108,-13.2057,2,10,0.8,3024.1,0,0.03671,-0.220095,3,26,11,3,45,290000
"2019-03-26 10:40:44.5",17589,100226,0.3,12.78,39,2.2022,-108,-13.2036,2,10,0.8,3023.3,0,0.03670333,-0.22006,3,26,11,4,9,740000
"2019-03-26 10:40:45.25",17590,100227,0.3,12.78,39,2.2024,-108,-13.2024,2,10,0.8,3023.3,0,0.03670667,-0.22004,3,26,11,4,38,650000
"2019-03-26 10:40:46",17591,100228,0.242,12.78,39,2.2036,-108,-13.2001,2,10,0.8,3023.1,-0.004,0.03672666,-0.2200017,3,26,11,5,1,340000
"2019-03-26 10:40:46.5",17592,100229,0.3,12.78,39,2.2038,-108,-13.1977,2,10,0.8,3023,0,0.03673,-0.2199617,3,26,11,5,25,570000
"2019-03-26 10:40:47.5",17593,100230,0.3,12.77,39,2.2039,-108,-13.1976,2,10,0.8,3023,0,0.03673167,-0.21996,3,26,11,5,26,740000
"2019-03-26 10:40:48.25",17594,100231,0.242,12.77,39,2.2039,-108,-13.1976,2,10,0.8,3023,-0.004,0.03673167,-0.21996,3,26,11,5,27,860000
"2019-03-26 10:40:49",17595,100232,0.3,12.77,39,2.2027,-108,-13.1975,2,10,0.8,3023.1,0,0.03671167,-0.2199583,3,26,11,6,47,800000
"2019-03-26 10:40:49.75",17596,100233,0.242,12.77,39,2.2012,-108,-13.1986,2,10,0.8,3023,-0.004,0.03668667,-0.2199767,3,26,11,7.00000,10,200000
"2019-03-26 10:40:50.25",17597,100234,0.3,12.77,39,2.2,-108,-13.1994,2,10,0.8,3022.7,0,0.03666667,-0.21999,3,26,11,7.00000,30,150000
"2019-03-26 10:40:50.75",17598,100235,0.242,12.77,39,2.1988,-108,-13.2005,2,10,0.8,3021.9,-0.004,0.03664667,-0.2200083,3,26,11,7.00000,54,830000
"2019-03-26 10:40:51.5",17599,100236,0.3,12.77,39,2.1976,-108,-13.2013,2,10,0.8,3021.9,0,0.03662666,-0.2200217,3,26,11,8,57,210000
"2019-03-26 10:40:52.25",17600,100237,0.3,12.77,39,2.1963,-108,-13.2029,2,10,0.8,3022,0,0.036605,-0.2200483,3,26,11,9,27,920000
"2019-03-26 10:40:53",17601,100238,0.242,12.77,39,2.1946,-108,-13.2039,2,10,0.8,3022.5,-0.004,0.03657667,-0.220065,3,26,11,10,15,440000
"2019-03-26 10:40:53.75",17602,100239,0.3,12.77,39,2.1933,-108,-13.2054,2,10,0.8,3022.8,0,0.036555,-0.22009,3,26,11,10,48,760000
"2019-03-26 10:40:54.25",17603,100240,0.3,12.77,39,2.1919,-108,-13.207,2,10,0.8,3023.8,0,0.03653167,-0.2201167,3,26,11,11,33,610000
"2019-03-26 10:40:54.75",17604,100241,0.3,12.77,39,2.1908,-108,-13.2075,2,10,0.8,3024.1,0,0.03651333,-0.220125,3,26,11,12,8,980000
"2019-03-26 10:40:55.5",17605,100242,0.3,12.77,39,2.1898,-108,-13.2092,2,10,0.8,3024,0,0.03649666,-0.2201533,3,26,11,13,3,290000
"2019-03-26 10:40:56.25",17606,100243,0.3,12.76,39,2.1887,-108,-13.2102,2,10,0.8,3024.4,0,0.03647833,-0.22017,3,26,11,13,29,660000
"2019-03-26 10:40:56.75",17607,100244,0.3,12.76,39,2.1876,-108,-13.212,2,10,0.8,3023.9,0,0.03646,-0.2202,3,26,11,13,56,150000
"2019-03-26 10:40:57.25",17608,100245,0.3,12.76,39,2.1856,-108,-13.2135,2,10,0.8,3024.2,0,0.03642667,-0.220225,3,26,11,14,47,80000
"2019-03-26 10:40:58",17609,100246,0.242,12.76,39,2.1844,-108,-13.2142,2,10,0.8,3024.2,-0.004,0.03640667,-0.2202367,3,26,11,15,14,490000
"2019-03-26 10:40:58.5",17610,100247,0.3,12.76,39,2.1831,-108,-13.2149,2,10,0.8,3024.5,0,0.036385,-0.2202483,3,26,11,15,44,60000
"2019-03-26 10:40:59.25",17611,100248,0.3,12.76,39,2.1819,-108,-13.217,2,10,0.8,3022.9,0,0.036365,-0.2202833,3,26,11,17,50,760000
"2019-03-26 10:40:59.75",17612,100249,0.3,12.76,39,2.1811,-108,-13.2183,2,10,0.8,3023.5,0,0.03635166,-0.220305,3,26,11,18,24,900000
"2019-03-26 10:41:00.5",17613,100250,0.3,12.76,39,2.1794,-108,-13.2188,2,10,0.8,3024.7,0,0.03632333,-0.2203133,3,26,11,18,57,510000
"2019-03-26 10:41:01",17614,100251,0.3,12.76,39,2.1775,-108,-13.2196,2,10,0.8,3024.6,0,0.03629167,-0.2203267,3,26,11,19,21,210000
"2019-03-26 10:41:01.5",17615,100252,0.3,12.76,39,2.1765,-108,-13.2218,2,10,0.8,3023.4,0,0.036275,-0.2203633,3,26,11,20,2,220000
"2019-03-26 10:41:02.25",17616,100253,0.3,12.76,39,2.1749,-108,-13.2225,2,10,0.8,3024.2,0,0.03624833,-0.220375,3,26,11,20,22,320000
"2019-03-26 10:41:03",17617,100254,0.3,12.76,39,2.1736,-108,-13.2238,2,10,0.8,3025.4,0,0.03622667,-0.2203967,3,26,11,21,4,240000
"2019-03-26 10:41:03.75",17618,100255,0.3,12.76,39,2.1724,-108,-13.2251,2,10,0.8,3024.1,0,0.03620667,-0.2204183,3,26,11,21,59,20000
"2019-03-26 10:41:04.5",17619,100256,0.3,12.76,39,2.171,-108,-13.226,2,9,0.9,3025.2,0,0.03618334,-0.2204333,3,26,11,22,43,730000
"2019-03-26 10:41:05",17620,100257,0.242,12.75,39,2.1693,-108,-13.2272,2,9,0.9,3025.5,-0.004,0.036155,-0.2204533,3,26,11,23,12,820000
"2019-03-26 10:41:05.75",17621,100258,0.3,12.75,39,2.1675,-108,-13.2295,2,9,0.9,3026.2,0,0.036125,-0.2204917,3,26,11,23,56,290000
"2019-03-26 10:41:06.25",17622,100259,0.3,12.75,39,2.1662,-108,-13.2307,2,9,0.9,3025.8,0,0.03610333,-0.2205117,3,26,11,25,18,300000
"2019-03-26 10:41:07",17623,100260,0.3,12.75,39,2.1652,-108,-13.2321,2,9,0.9,3024.6,0,0.03608667,-0.220535,3,26,11,25,39,820000
"2019-03-26 10:41:07.75",17624,100261,0.3,12.75,39,2.1636,-108,-13.2334,2,9,0.9,3024.9,0,0.03606,-0.2205567,3,26,11,26,3,670000
"2019-03-26 10:41:08.5",17625,100262,0.3,12.75,39,2.1616,-108,-13.2351,2,9,0.9,3025.5,0,0.03602667,-0.220585,3,26,11,26,19,260000
"2019-03-26 10:41:09.25",17626,100263,0.3,12.75,39,2.1601,-108,-13.2357,2,9,0.9,3026,0,0.03600167,-0.220595,3,26,11,26,35,270000
"2019-03-26 10:41:10",17627,100264,0.242,12.75,39,2.159,-108,-13.2376,2,9,0.9,3025.3,-0.004,0.03598333,-0.2206267,3,26,11,27,8,460000
"2019-03-26 10:41:10.75",17628,100265,0.3,12.75,39,2.1581,-108,-13.2388,2,9,0.9,3025.2,0,0.03596833,-0.2206467,3,26,11,27,26,280000
"2019-03-26 10:41:11.25",17629,100266,0.3,12.75,39,2.1563,-108,-13.2402,2,9,0.9,3026.4,0,0.03593833,-0.22067,3,26,11,27,52,210000
"2019-03-26 10:41:12",17630,100267,0.3,12.75,39,2.1553,-108,-13.2424,2,9,0.9,3026.1,0,0.03592167,-0.2207067,3,26,11,28,18,950000
"2019-03-26 10:41:12.75",17631,100268,0.3,12.75,39,2.154,-108,-13.2434,2,9,0.9,3026.5,0,0.0359,-0.2207233,3,26,11,28,37,510000
"2019-03-26 10:41:13.5",17632,100269,0.3,12.75,39,2.1527,-108,-13.2452,2,9,0.9,3025.8,0,0.03587834,-0.2207533,3,26,11,29,13,520000
"2019-03-26 10:41:14.25",17633,100270,0.3,12.75,39,2.1518,-108,-13.2454,2,9,0.9,3026.4,0,0.03586333,-0.2207567,3,26,11,29,52,170000
"2019-03-26 10:41:15",17634,100271,0.3,12.75,39,2.1505,-108,-13.247,2,9,0.9,3026.3,0,0.03584167,-0.2207833,3,26,11,30,12,510000
"2019-03-26 10:41:15.75",17635,100272,0.242,12.75,39,2.1493,-108,-13.2503,2,9,0.9,3025.6,-0.004,0.03582167,-0.2208383,3,26,11,30,31,330000
"2019-03-26 10:41:16.25",17636,100273,0.3,12.74,39,2.148,-108,-13.2518,2,9,0.9,3026.4,0,0.0358,-0.2208633,3,26,11,30,50,670000
"2019-03-26 10:41:17",17637,100274,0.242,12.75,39,2.1473,-108,-13.2539,2,9,0.9,3025.7,-0.004,0.03578834,-0.2208983,3,26,11,31,8,370000
"2019-03-26 10:41:17.75",17638,100275,0.3,12.74,39,2.1467,-108,-13.2569,2,9,0.9,3024.7,0,0.03577833,-0.2209483,3,26,11,31,34,480000
"2019-03-26 10:41:18.25",17639,100276,0.3,12.74,39,2.1466,-108,-13.2569,2,9,0.9,3024.7,0,0.03577667,-0.2209483,3,26,11,31,35,900000
"2019-03-26 10:41:19",17640,100277,0.3,12.74,39,2.1466,-108,-13.2569,2,9,0.9,3024.7,0,0.03577667,-0.2209483,3,26,11,31,37,270000
"2019-03-26 10:41:19.5",17641,100278,0.3,12.75,39,2.1476,-108,-13.2573,2,9,0.9,3024.6,0,0.03579333,-0.220955,3,26,11,32,2,610000
"2019-03-26 10:41:20",17642,100279,0.242,12.74,39,2.1496,-108,-13.2564,2,9,0.9,3024.3,-0.004,0.03582667,-0.22094,3,26,11,32,20,830000
"2019-03-26 10:41:20.75",17643,100280,0.3,12.74,39,2.1513,-108,-13.2565,2,9,0.9,3023.7,0,0.035855,-0.2209417,3,26,11,32,51,920000
"2019-03-26 10:41:21.5",17644,100281,0.3,12.74,39,2.1535,-108,-13.2566,2,9,0.9,3024.7,0,0.03589167,-0.2209433,3,26,11,33,19,490000
"2019-03-26 10:41:22",17645,100282,0.3,12.74,39,2.1548,-108,-13.2571,2,9,0.9,3024.3,0,0.03591333,-0.2209517,3,26,11,33,38,910000
"2019-03-26 10:41:22.75",17646,100283,0.3,12.74,39,2.1567,-108,-13.2572,2,10,0.9,3023.8,0,0.035945,-0.2209533,3,26,11,34,16,630000
"2019-03-26 10:41:23.25",17647,100284,0.3,12.74,39,2.1584,-108,-13.2577,2,10,0.9,3024.5,0,0.03597333,-0.2209617,3,26,11,34,46,310000
"2019-03-26 10:41:24",17648,100285,0.3,12.74,39,2.1608,-108,-13.2578,2,10,0.8,3023.9,0,0.03601333,-0.2209633,3,26,11,35,6,50000
"2019-03-26 10:41:24.75",17649,100286,0.242,12.74,39,2.1633,-108,-13.258,2,10,0.8,3022.9,-0.004,0.036055,-0.2209667,3,26,11,35,23,810000
"2019-03-26 10:41:25.5",17650,100287,0.3,12.74,39,2.1645,-108,-13.258,2,10,0.8,3024.8,0,0.036075,-0.2209667,3,26,11,35,39,720000
"2019-03-26 10:41:26.25",17651,100288,0.3,12.74,39,2.1658,-108,-13.2585,2,10,0.9,3024.4,0,0.03609667,-0.220975,3,26,11,36,7.00000,170000
"2019-03-26 10:41:27",17652,100289,0.3,12.74,39,2.1681,-108,-13.2587,2,10,0.8,3023.2,0,0.036135,-0.2209783,3,26,11,36,24,610000
"2019-03-26 10:41:27.5",17653,100290,0.3,12.74,39,2.1689,-108,-13.2589,2,10,0.8,3023.9,0,0.03614833,-0.2209817,3,26,11,37,8,810000
"2019-03-26 10:41:28.25",17654,100291,0.3,12.74,39,2.1704,-108,-13.2591,2,10,0.8,3024.3,0,0.03617333,-0.220985,3,26,11,37,41,760000
"2019-03-26 10:41:29",17655,100292,0.3,12.74,39,2.1721,-108,-13.2588,2,10,0.8,3023.7,0,0.03620167,-0.22098,3,26,11,38,4,480000
"2019-03-26 10:41:29.75",17656,100293,0.242,12.74,39,2.1738,-108,-13.2589,2,10,0.8,3024,-0.004,0.03623,-0.2209817,3,26,11,38,37,70000
"2019-03-26 10:41:30.5",17657,100294,0.3,12.74,39,2.1748,-108,-13.2594,2,10,0.8,3023.6,0,0.03624666,-0.22099,3,26,11,39,10,890000
"2019-03-26 10:41:31",17658,100295,0.3,12.74,39,2.1769,-108,-13.2598,2,10,0.8,3023.4,0,0.03628166,-0.2209967,3,26,11,40,11,100000
"2019-03-26 10:41:31.75",17659,100296,0.3,12.74,39,2.1779,-108,-13.2595,2,10,0.8,3023.5,0,0.03629834,-0.2209917,3,26,11,40,23,960000
"2019-03-26 10:41:32.5",17660,100297,0.242,12.74,39,2.1802,-108,-13.2601,2,9,0.9,3023.8,-0.004,0.03633667,-0.2210017,3,26,11,40,40,510000
"2019-03-26 10:41:33.25",17661,100298,0.3,12.74,39,2.182,-108,-13.2599,2,10,0.8,3024.5,0,0.03636666,-0.2209983,3,26,11,40,55,300000
"2019-03-26 10:41:33.75",17662,100299,0.3,12.74,39,2.1834,-108,-13.259,2,10,0.8,3023.8,0,0.03639,-0.2209833,3,26,11,41,20,540000
"2019-03-26 10:41:34.25",17663,100300,0.3,12.74,39,2.185,-108,-13.2598,2,9,0.9,3023.7,0,0.03641666,-0.2209967,3,26,11,41,55,570000
"2019-03-26 10:41:35",17664,100301,0.3,12.74,39,2.187,-108,-13.2595,2,9,0.9,3021.9,0,0.03645,-0.2209917,3,26,11,42,16,110000
"2019-03-26 10:41:35.5",17665,100302,0.3,12.74,39,2.1891,-108,-13.2588,2,10,0.8,3021.1,0,0.036485,-0.22098,3,26,11,43,15,390000
"2019-03-26 10:41:36.25",17666,100303,0.3,12.7,39,2.186,-108,-13.2632,2,11,0.7,3026.2,0,0.03643334,-0.2210533,3,26,12,6,13,800000
"2019-03-26 10:41:37",17667,100304,0.3,12.65,39,1.3736,-108,-11.3887,2,11,0.8,3050.8,0,0.02289333,-0.1898117,3,26,13,9,33,940000
"2019-03-26 10:41:37.75",17668,100305,0.3,12.65,39,1.3755,-108,-11.3889,2,11,0.8,3051.9,0,0.022925,-0.189815,3,26,13,9,45,630000
"2019-03-26 10:41:38.5",17669,100306,0.3,12.65,39,1.3768,-108,-11.3892,2,11,0.8,3051.6,0,0.02294667,-0.18982,3,26,13,9,59,990000
"2019-03-26 10:41:39.25",17670,100307,0.3,12.65,39,1.3777,-108,-11.3896,2,11,0.8,3050.4,0,0.02296167,-0.1898267,3,26,13,10,13,650000
"2019-03-26 10:41:40",17671,100308,0.242,12.65,39,1.3789,-108,-11.3892,2,11,0.8,3051.1,-0.004,0.02298167,-0.18982,3,26,13,10,29,500000
"2019-03-26 10:41:40.5",17672,100309,0.242,12.65,39,1.3812,-108,-11.3897,2,11,0.8,3052.1,-0.004,0.02302,-0.1898283,3,26,13,10,38,910000
"2019-03-26 10:41:41.25",17673,100310,0.3,12.65,39,1.3825,-108,-11.3894,2,11,0.8,3051.9,0,0.02304167,-0.1898233,3,26,13,10,54,60000
"2019-03-26 10:41:42",17674,100311,0.3,12.65,39,1.3844,-108,-11.3899,2,11,0.8,3052.3,0,0.02307333,-0.1898317,3,26,13,11,5,970000
"2019-03-26 10:41:42.75",17675,100312,0.3,12.65,39,1.386,-108,-11.3898,2,11,0.8,3052.4,0,0.0231,-0.18983,3,26,13,11,19,30000
"2019-03-26 10:41:43.25",17676,100313,0.3,12.64,39,1.3882,-108,-11.3902,2,11,0.8,3052.1,0,0.02313667,-0.1898367,3,26,13,11,32,350000
"2019-03-26 10:41:44",17677,100314,0.3,12.65,39,1.3896,-108,-11.3906,2,10,0.9,3052.7,0,0.02316,-0.1898433,3,26,13,11,48,340000
"2019-03-26 10:41:44.75",17678,100315,0.3,12.65,39,1.3903,-108,-11.3902,2,10,0.9,3051.9,0,0.02317167,-0.1898367,3,26,13,12,6,250000
"2019-03-26 10:41:45.25",17679,100316,0.3,12.64,39,1.3915,-108,-11.3906,2,10,0.9,3051.4,0,0.02319167,-0.1898433,3,26,13,12,19,180000
"2019-03-26 10:41:46",17680,100317,0.3,12.64,39,1.3929,-108,-11.3902,2,10,0.9,3051.9,0,0.023215,-0.1898367,3,26,13,12,32,780000
"2019-03-26 10:41:46.75",17681,100318,0.3,12.64,39,1.3939,-108,-11.3906,2,10,0.9,3051.2,0,0.02323167,-0.1898433,3,26,13,12,53,740000
"2019-03-26 10:41:47.5",17682,100319,0.3,12.64,39,1.3961,-108,-11.3913,2,10,0.9,3050.8,0,0.02326833,-0.189855,3,26,13,13,4,210000
"2019-03-26 10:41:48.25",17683,100320,0.3,12.64,39,1.3975,-108,-11.3913,2,10,0.9,3050.5,0,0.02329167,-0.189855,3,26,13,13,18,590000
"2019-03-26 10:41:49",17684,100321,0.3,12.64,39,1.3992,-108,-11.3918,2,10,0.9,3051.5,0,0.02332,-0.1898633,3,26,13,13,37,290000
"2019-03-26 10:41:49.5",17685,100322,0.3,12.64,39,1.401,-108,-11.392,2,10,0.9,3050.5,0,0.02335,-0.1898667,3,26,13,14,14,230000
"2019-03-26 10:41:50.25",17686,100323,0.3,12.64,39,1.4017,-108,-11.3918,2,10,0.9,3051.4,0,0.02336167,-0.1898633,3,26,13,14,28,750000
"2019-03-26 10:41:51",17687,100324,0.242,12.64,39,1.4035,-108,-11.3917,2,10,0.9,3051.2,-0.004,0.02339167,-0.1898617,3,26,13,14,41,340000
"2019-03-26 10:41:51.75",17688,100325,0.3,12.64,39,1.4052,-108,-11.3921,2,10,0.9,3051,0,0.02342,-0.1898683,3,26,13,14,55,700000
"2019-03-26 10:41:52.5",17689,100326,0.242,12.64,39,1.407,-108,-11.3921,2,10,0.9,3051.3,-0.004,0.02345,-0.1898683,3,26,13,15,7.00000,550000
"2019-03-26 10:41:53.25",17690,100327,0.3,12.64,39,1.4088,-108,-11.392,2,10,0.9,3051.4,0,0.02348,-0.1898667,3,26,13,15,24,280000
"2019-03-26 10:41:54",17691,100328,0.3,12.64,39,1.4101,-108,-11.3918,2,10,0.9,3051.5,0,0.02350167,-0.1898633,3,26,13,15,35,370000
"2019-03-26 10:41:54.5",17692,100329,0.3,12.64,39,1.4113,-108,-11.3924,2,10,0.9,3051.8,0,0.02352167,-0.1898733,3,26,13,15,47,410000
"2019-03-26 10:41:55.25",17693,100330,0.3,12.64,39,1.4128,-108,-11.392,2,10,0.9,3052.7,0,0.02354667,-0.1898667,3,26,13,16,0,830000
"2019-03-26 10:41:56",17694,100331,0.3,12.64,39,1.4142,-108,-11.3925,2,10,0.9,3053,0,0.02357,-0.189875,3,26,13,16,11,650000
"2019-03-26 10:41:56.75",17695,100332,0.3,12.64,39,1.4157,-108,-11.3924,2,10,0.9,3052.7,0,0.023595,-0.1898733,3,26,13,16,22,730000
"2019-03-26 10:41:57.5",17696,100333,0.3,12.64,39,1.4171,-108,-11.3926,2,10,0.9,3052.9,0,0.02361833,-0.1898767,3,26,13,16,34,260000
"2019-03-26 10:41:58",17697,100334,0.242,12.64,39,1.4189,-108,-11.3923,2,10,0.9,3052.3,-0.004,0.02364833,-0.1898717,3,26,13,16,48,310000
"2019-03-26 10:41:58.75",17698,100335,0.242,12.64,39,1.4208,-108,-11.3922,2,10,0.9,3053.3,-0.004,0.02368,-0.18987,3,26,13,17,0,190000
"2019-03-26 10:41:59.25",17699,100336,0.242,12.64,39,1.4219,-108,-11.3931,2,10,0.9,3052.5,-0.004,0.02369833,-0.189885,3,26,13,17,13,940000
"2019-03-26 10:42:00",17700,100337,0.3,12.64,39,1.4227,-108,-11.3937,2,10,0.9,3052,0,0.02371167,-0.189895,3,26,13,17,40,960000
"2019-03-26 10:42:00.75",17701,100338,0.3,12.64,39,1.423,-108,-11.3938,2,10,0.9,3052.4,0,0.02371667,-0.1898967,3,26,13,17,42,90000
"2019-03-26 10:42:01.5",17702,100339,0.3,12.64,39,1.4232,-108,-11.3939,2,10,0.9,3052.6,0,0.02372,-0.1898983,3,26,13,17,43,410000
"2019-03-26 10:42:02.25",17703,100340,0.3,12.64,39,1.4228,-108,-11.3924,2,10,0.9,3052.8,0,0.02371333,-0.1898733,3,26,13,18,3,750000
"2019-03-26 10:42:03",17704,100341,0.3,12.64,39,1.4218,-108,-11.3915,2,10,0.9,3053.9,0,0.02369667,-0.1898583,3,26,13,18,20,480000
"2019-03-26 10:42:03.5",17705,100342,0.3,12.64,39,1.4208,-108,-11.3884,2,10,0.9,3053.5,0,0.02368,-0.1898067,3,26,13,18,35,30000
"2019-03-26 10:42:04",17706,100343,0.242,12.64,39,1.4205,-108,-11.3864,2,10,0.9,3053.9,-0.004,0.023675,-0.1897733,3,26,13,18,48,900000
"2019-03-26 10:42:04.75",17707,100344,0.3,12.64,39,1.4194,-108,-11.3852,2,10,0.9,3053.8,0,0.02365667,-0.1897533,3,26,13,19,8,630000
"2019-03-26 10:42:05.5",17708,100345,0.3,12.64,39,1.4181,-108,-11.3846,2,10,0.9,3053.9,0,0.023635,-0.1897433,3,26,13,19,21,520000
"2019-03-26 10:42:06.25",17709,100346,0.3,12.64,39,1.4167,-108,-11.3832,2,10,0.9,3053.8,0,0.02361167,-0.18972,3,26,13,19,35,270000
"2019-03-26 10:42:07",17710,100347,0.3,12.64,39,1.4161,-108,-11.3818,2,10,0.9,3053.8,0,0.02360167,-0.1896967,3,26,13,19,53,180000
"2019-03-26 10:42:07.5",17711,100348,0.3,12.64,39,1.4143,-108,-11.3796,2,10,0.9,3054.4,0,0.02357167,-0.18966,3,26,13,20,8,810000
"2019-03-26 10:42:08.25",17712,100349,0.242,12.64,39,1.4129,-108,-11.3782,2,10,0.9,3054.3,-0.004,0.02354833,-0.1896367,3,26,13,20,21,350000
"2019-03-26 10:42:08.75",17713,100350,0.242,12.63,39,1.4122,-108,-11.377,2,10,0.9,3054.2,-0.004,0.02353667,-0.1896167,3,26,13,20,36,440000
"2019-03-26 10:42:09.5",17714,100351,0.3,12.64,39,1.4113,-108,-11.3755,2,10,0.9,3053.9,0,0.02352167,-0.1895917,3,26,13,20,52,620000
"2019-03-26 10:42:10",17715,100352,0.3,12.63,39,1.4101,-108,-11.374,2,10,0.9,3054,0,0.02350167,-0.1895667,3,26,13,21,9,720000
"2019-03-26 10:42:10.75",17716,100353,0.3,12.63,39,1.4092,-108,-11.372,2,10,0.9,3054.1,0,0.02348667,-0.1895333,3,26,13,21,21,870000
"2019-03-26 10:42:11.5",17717,100354,0.242,12.64,39,1.4084,-108,-11.3707,2,10,0.9,3053.2,-0.004,0.02347333,-0.1895117,3,26,13,21,36,90000
"2019-03-26 10:42:12",17718,100355,0.3,12.63,39,1.4068,-108,-11.369,2,10,0.9,3054.1,0,0.02344667,-0.1894833,3,26,13,21,51,100000
"2019-03-26 10:42:12.75",17719,100356,0.3,12.63,39,1.4055,-108,-11.3671,2,10,0.9,3053.6,0,0.023425,-0.1894517,3,26,13,22,4,760000
"2019-03-26 10:42:13.5",17720,100357,0.3,12.63,39,1.4044,-108,-11.3658,2,10,0.9,3053.5,0,0.02340667,-0.18943,3,26,13,22,19,630000
"2019-03-26 10:42:14",17721,100358,0.242,12.64,39,1.4037,-108,-11.3648,2,10,0.9,3053.4,-0.004,0.023395,-0.1894133,3,26,13,22,34,830000
"2019-03-26 10:42:14.75",17722,100359,0.3,12.64,39,1.4029,-108,-11.3622,2,10,0.9,3054.1,0,0.02338167,-0.18937,3,26,13,22,46,860000
"2019-03-26 10:42:15.5",17723,100360,0.3,12.64,39,1.4014,-108,-11.3598,2,10,0.9,3053.1,0,0.02335667,-0.18933,3,26,13,23,2,850000
"2019-03-26 10:42:16.25",17724,100361,0.3,12.64,39,1.4011,-108,-11.3585,2,10,0.9,3054.2,0,0.02335167,-0.1893083,3,26,13,23,16,730000
"2019-03-26 10:42:17",17725,100362,0.242,12.64,39,1.4,-108,-11.357,2,10,0.9,3054.1,-0.004,0.02333333,-0.1892833,3,26,13,23,33,400000
"2019-03-26 10:42:17.75",17726,100363,0.3,12.63,39,1.3992,-108,-11.3561,2,10,0.9,3052.8,0,0.02332,-0.1892683,3,26,13,23,42,300000
"2019-03-26 10:42:18.5",17727,100364,0.3,12.64,39,1.3983,-108,-11.3548,2,10,0.9,3051.6,0,0.023305,-0.1892467,3,26,13,23,55,190000
"2019-03-26 10:42:19",17728,100365,0.3,12.64,39,1.3971,-108,-11.3533,2,10,0.9,3052.9,0,0.023285,-0.1892217,3,26,13,24,12,710000
"2019-03-26 10:42:19.75",17729,100366,0.3,12.64,39,1.3955,-108,-11.3523,2,10,0.9,3053.5,0,0.02325833,-0.189205,3,26,13,24,25,270000
"2019-03-26 10:42:20.5",17730,100367,0.242,12.63,39,1.3945,-108,-11.3507,2,10,0.9,3052.8,-0.004,0.02324167,-0.1891783,3,26,13,24,43,520000
"2019-03-26 10:42:21",17731,100368,0.3,12.64,39,1.3936,-108,-11.3485,2,10,0.9,3052.3,0,0.02322667,-0.1891417,3,26,13,24,54,560000
"2019-03-26 10:42:21.5",17732,100369,0.3,12.63,39,1.3929,-108,-11.3473,2,10,0.9,3052.2,0,0.023215,-0.1891217,3,26,13,25,9,770000
"2019-03-26 10:42:22",17733,100370,0.3,12.63,39,1.3914,-108,-11.3463,2,10,0.9,3052.7,0,0.02319,-0.189105,3,26,13,25,25,30000
"2019-03-26 10:42:22.75",17734,100371,0.3,12.63,39,1.3903,-108,-11.3449,2,10,0.9,3051.4,0,0.02317167,-0.1890817,3,26,13,25,39,750000
"2019-03-26 10:42:23.5",17735,100372,0.3,12.63,39,1.3897,-108,-11.3438,2,10,0.9,3051.3,0,0.02316167,-0.1890633,3,26,13,25,55,190000
"2019-03-26 10:42:24.25",17736,100373,0.3,12.63,39,1.3879,-108,-11.3425,2,10,0.9,3053.3,0,0.02313167,-0.1890417,3,26,13,26,5,820000
"2019-03-26 10:42:25",17737,100374,0.242,12.63,39,1.3866,-108,-11.3414,2,10,0.9,3051.7,-0.004,0.02311,-0.1890233,3,26,13,26,20,160000
"2019-03-26 10:42:25.75",17738,100375,0.3,12.64,39,1.3853,-108,-11.3397,2,10,0.9,3052.4,0,0.02308833,-0.188995,3,26,13,26,30,550000
"2019-03-26 10:42:26.5",17739,100376,0.3,12.63,39,1.3836,-108,-11.3384,2,10,0.9,3051.4,0,0.02306,-0.1889733,3,26,13,26,42,810000
"2019-03-26 10:42:27.25",17740,100377,0.3,12.63,39,1.3822,-108,-11.3372,2,10,0.9,3050.5,0,0.02303667,-0.1889533,3,26,13,27,9,860000
"2019-03-26 10:42:28",17741,100378,0.242,12.63,39,1.3813,-108,-11.3358,2,10,0.9,3050.9,-0.004,0.02302167,-0.18893,3,26,13,27,22,590000
"2019-03-26 10:42:28.5",17742,100379,0.3,12.63,39,1.3794,-108,-11.3344,2,10,0.9,3051.3,0,0.02299,-0.1889067,3,26,13,27,35,780000
"2019-03-26 10:42:29.25",17743,100380,0.3,12.63,39,1.378,-108,-11.3331,2,10,0.9,3051.9,0,0.02296667,-0.188885,3,26,13,27,58,610000
"2019-03-26 10:42:30",17744,100381,0.3,12.64,39,1.3766,-108,-11.331,2,10,0.9,3052.1,0,0.02294333,-0.18885,3,26,13,28,20,800000
"2019-03-26 10:42:30.5",17745,100382,0.3,12.64,39,1.3758,-108,-11.3304,2,10,0.9,3051.3,0,0.02293,-0.18884,3,26,13,28,44,30000
"2019-03-26 10:42:31.25",17746,100383,0.3,12.64,39,1.3742,-108,-11.3294,2,10,0.9,3051.7,0,0.02290333,-0.1888233,3,26,13,28,57,680000
"2019-03-26 10:42:31.75",17747,100384,0.242,12.63,39,1.3732,-108,-11.3289,2,10,0.9,3051,-0.004,0.02288667,-0.188815,3,26,13,29,25,50000
"2019-03-26 10:42:32.5",17748,100385,0.242,12.63,39,1.372,-108,-11.3275,2,10,0.9,3051,-0.004,0.02286667,-0.1887917,3,26,13,29,40,380000
"2019-03-26 10:42:33.25",17749,100386,0.242,12.63,39,1.3699,-108,-11.3257,2,10,0.9,3051.5,-0.004,0.02283167,-0.1887617,3,26,13,29,57,550000
"2019-03-26 10:42:34",17750,100387,0.3,12.63,39,1.3683,-108,-11.3253,2,10,0.9,3052.1,0,0.022805,-0.188755,3,26,13,30,8,50000
"2019-03-26 10:42:34.75",17751,100388,0.3,12.63,39,1.3669,-108,-11.3239,2,10,0.9,3051.1,0,0.02278167,-0.1887317,3,26,13,30,20,540000
"2019-03-26 10:42:35.25",17752,100389,0.3,12.63,39,1.3656,-108,-11.3237,2,10,0.9,3051.1,0,0.02276,-0.1887283,3,26,13,30,34,940000
"2019-03-26 10:42:36",17753,100390,0.3,12.63,39,1.3642,-108,-11.3223,2,10,0.9,3049.8,0,0.02273667,-0.188705,3,26,13,30,49,430000
"2019-03-26 10:42:36.5",17754,100391,0.3,12.63,39,1.3618,-108,-11.3214,2,10,0.9,3049.5,0,0.02269667,-0.18869,3,26,13,31,12,100000
"2019-03-26 10:42:37",17755,100392,0.3,12.63,39,1.3609,-108,-11.3209,2,10,0.9,3049.5,0,0.02268167,-0.1886817,3,26,13,31,30,270000
"2019-03-26 10:42:37.75",17756,100393,0.3,12.63,39,1.3594,-108,-11.3197,2,10,0.9,3048.5,0,0.02265667,-0.1886617,3,26,13,31,42,290000
"2019-03-26 10:42:38.5",17757,100394,0.3,12.63,39,1.3575,-108,-11.3192,2,10,0.9,3049.8,0,0.022625,-0.1886533,3,26,13,31,57,120000
"2019-03-26 10:42:39.25",17758,100395,0.242,12.63,39,1.3558,-108,-11.3174,2,10,0.9,3048.2,-0.004,0.02259667,-0.1886233,3,26,13,32,10,830000
"2019-03-26 10:42:39.75",17759,100396,0.3,12.63,39,1.3541,-108,-11.3173,2,10,0.9,3049.3,0,0.02256833,-0.1886217,3,26,13,32,26,580000
"2019-03-26 10:42:40.5",17760,100397,0.3,12.63,39,1.3531,-108,-11.3176,2,10,0.9,3049.8,0,0.02255167,-0.1886267,3,26,13,32,37,960000
"2019-03-26 10:42:41.25",17761,100398,0.242,12.63,39,1.352,-108,-11.3173,2,10,0.9,3049.4,-0.004,0.02253333,-0.1886217,3,26,13,32,54,120000
"2019-03-26 10:42:41.75",17762,100399,0.242,12.63,39,1.3502,-108,-11.317,2,10,0.9,3049.2,-0.004,0.02250334,-0.1886167,3,26,13,33,7.00000,510000
"2019-03-26 10:42:42.5",17763,100400,0.3,12.63,39,1.3483,-108,-11.3167,2,10,0.9,3048,0,0.02247167,-0.1886117,3,26,13,33,17,390000
"2019-03-26 10:42:43",17764,100401,0.3,12.63,39,1.347,-108,-11.3161,2,10,0.9,3046.8,0,0.02245,-0.1886017,3,26,13,33,37,490000
"2019-03-26 10:42:43.75",17765,100402,0.3,12.63,39,1.3459,-108,-11.3158,2,10,0.9,3048.9,0,0.02243167,-0.1885967,3,26,13,33,54,390000
"2019-03-26 10:42:44.5",17766,100403,0.3,12.63,39,1.3444,-108,-11.3161,2,10,0.9,3048.1,0,0.02240667,-0.1886017,3,26,13,34,10,430000
"2019-03-26 10:42:45.25",17767,100404,0.3,12.63,39,1.3417,-108,-11.316,2,10,0.9,3047.7,0,0.02236167,-0.1886,3,26,13,34,23,680000
"2019-03-26 10:42:46",17768,100405,0.3,12.63,39,1.3408,-108,-11.3159,2,10,0.9,3048.2,0,0.02234667,-0.1885983,3,26,13,34,38,540000
"2019-03-26 10:42:46.5",17769,100406,0.3,12.63,39,1.339,-108,-11.3142,2,10,0.9,3048.9,0,0.02231667,-0.18857,3,26,13,34,52,190000
"2019-03-26 10:42:47.25",17770,100407,0.3,12.63,39,1.3377,-108,-11.3145,2,10,0.9,3049,0,0.022295,-0.188575,3,26,13,35,5,80000
"2019-03-26 10:42:48",17771,100408,0.3,12.63,39,1.3355,-108,-11.3149,2,10,0.9,3048.6,0,0.02225833,-0.1885817,3,26,13,35,23,750000
"2019-03-26 10:42:48.75",17772,100409,0.3,12.63,39,1.3329,-108,-11.3143,2,10,0.9,3048.3,0,0.022215,-0.1885717,3,26,13,35,35,640000
"2019-03-26 10:42:49.5",17773,100410,0.3,12.63,39,1.3313,-108,-11.3147,2,10,0.9,3048.1,0,0.02218833,-0.1885783,3,26,13,35,57,620000
"2019-03-26 10:42:50.25",17774,100411,0.3,12.63,39,1.331,-108,-11.3149,2,10,0.9,3049.8,0,0.02218333,-0.1885817,3,26,13,36,11,560000
"2019-03-26 10:42:50.75",17775,100412,0.242,12.63,39,1.3305,-108,-11.3148,2,10,0.9,3049.9,-0.004,0.022175,-0.18858,3,26,13,36,13,100000
"2019-03-26 10:42:51.5",17776,100413,0.3,12.63,39,1.3303,-108,-11.3152,2,10,0.9,3049.4,0,0.02217167,-0.1885867,3,26,13,36,14,560000
"2019-03-26 10:42:52.25",17777,100414,0.3,12.63,39,1.3316,-108,-11.3164,2,10,0.9,3048.4,0,0.02219333,-0.1886067,3,26,13,37,19,160000
"2019-03-26 10:42:53",17778,100415,0.3,12.63,39,1.3326,-108,-11.319,2,10,0.9,3049.4,0,0.02221,-0.18865,3,26,13,37,39,660000
"2019-03-26 10:42:53.75",17779,100416,0.3,12.63,39,1.3333,-108,-11.3203,2,10,0.9,3048.7,0,0.02222167,-0.1886717,3,26,13,38,3,360000
"2019-03-26 10:42:54.25",17780,100417,0.3,12.63,39,1.3352,-108,-11.3223,2,10,0.9,3048.3,0,0.02225333,-0.188705,3,26,13,38,24,260000
"2019-03-26 10:42:55",17781,100418,0.3,12.63,39,1.3367,-108,-11.324,2,10,0.9,3047.6,0,0.02227833,-0.1887333,3,26,13,38,38,650000
"2019-03-26 10:42:55.75",17782,100419,0.242,12.62,39,1.3377,-108,-11.3259,2,10,0.9,3048.2,-0.004,0.022295,-0.188765,3,26,13,38,56,710000
"2019-03-26 10:42:56.75",17783,100420,0.3,12.62,39,1.3381,-108,-11.3259,2,10,0.9,3047.9,0,0.02230167,-0.188765,3,26,13,39,26,50000
"2019-03-26 10:42:57.25",17784,100421,0.3,12.62,39,1.3392,-108,-11.3275,2,10,0.9,3047.5,0,0.02232,-0.1887917,3,26,13,39,43,110000
"2019-03-26 10:42:57.75",17785,100422,0.3,12.62,39,1.3402,-108,-11.3289,2,10,0.9,3047.8,0,0.02233667,-0.188815,3,26,13,40,4,400000
"2019-03-26 10:42:58.5",17786,100423,0.3,12.62,39,1.3414,-108,-11.3309,2,10,0.9,3048,0,0.02235667,-0.1888483,3,26,13,40,20,830000
"2019-03-26 10:42:59.25",17787,100424,0.3,12.62,39,1.3426,-108,-11.3319,2,10,0.9,3047.4,0,0.02237667,-0.188865,3,26,13,40,31,640000
"2019-03-26 10:43:00",17788,100425,0.242,12.62,39,1.3437,-108,-11.3331,2,10,0.9,3047,-0.004,0.022395,-0.188885,3,26,13,40,44,490000
"2019-03-26 10:43:00.75",17789,100426,0.3,12.62,39,1.3447,-108,-11.3357,2,10,0.9,3047.5,0,0.02241167,-0.1889283,3,26,13,40,52,760000
"2019-03-26 10:43:01.25",17790,100427,0.3,12.62,39,1.3459,-108,-11.3366,2,10,0.9,3046.5,0,0.02243167,-0.1889433,3,26,13,41,11,810000
"2019-03-26 10:43:01.75",17791,100428,0.3,12.62,39,1.3469,-108,-11.3372,2,10,0.9,3046.4,0,0.02244833,-0.1889533,3,26,13,41,27,330000
"2019-03-26 10:43:02.5",17792,100429,0.3,12.62,39,1.3482,-108,-11.3389,2,10,0.9,3046.5,0,0.02247,-0.1889817,3,26,13,41,41,550000
"2019-03-26 10:43:03.25",17793,100430,0.3,12.62,39,1.3496,-108,-11.3409,2,10,0.9,3047.7,0,0.02249333,-0.189015,3,26,13,42,11,20000
"2019-03-26 10:43:03.75",17794,100431,0.242,12.62,39,1.3501,-108,-11.3422,2,10,0.9,3048.2,-0.004,0.02250167,-0.1890367,3,26,13,42,29,420000
"2019-03-26 10:43:04.5",17795,100432,0.3,12.62,39,1.351,-108,-11.3439,2,10,0.9,3049,0,0.02251667,-0.189065,3,26,13,42,42,970000
"2019-03-26 10:43:05.25",17796,100433,0.3,12.62,39,1.3519,-108,-11.3458,2,10,0.9,3048,0,0.02253167,-0.1890967,3,26,13,42,54,890000
"2019-03-26 10:43:05.75",17797,100434,0.3,12.62,39,1.3537,-108,-11.3481,2,10,0.9,3048.8,0,0.02256167,-0.189135,3,26,13,43,10,740000
"2019-03-26 10:43:06.5",17798,100435,0.3,12.62,39,1.3552,-108,-11.3501,2,10,0.9,3048.8,0,0.02258667,-0.1891683,3,26,13,43,28,50000
"2019-03-26 10:43:07.25",17799,100436,0.3,12.62,39,1.3563,-108,-11.3515,2,10,0.9,3048.1,0,0.022605,-0.1891917,3,26,13,43,37,900000
"2019-03-26 10:43:07.75",17800,100437,0.3,12.62,39,1.3573,-108,-11.3532,2,10,0.9,3049.3,0,0.02262167,-0.18922,3,26,13,43,51,200000
"2019-03-26 10:43:08.5",17801,100438,0.3,12.62,39,1.3583,-108,-11.3547,2,10,0.9,3048.1,0,0.02263833,-0.189245,3,26,13,44,2,320000
"2019-03-26 10:43:09",17802,100439,0.3,12.62,39,1.3595,-108,-11.3571,2,10,0.9,3049.5,0,0.02265834,-0.189285,3,26,13,44,13,0
"2019-03-26 10:43:09.75",17803,100440,0.3,12.62,39,1.3602,-108,-11.3571,2,10,0.9,3048.2,0,0.02267,-0.189285,3,26,13,44,28,300000
"2019-03-26 10:43:10.5",17804,100441,0.3,12.62,39,1.3622,-108,-11.3599,2,10,0.9,3047.8,0,0.02270333,-0.1893317,3,26,13,44,38,690000
"2019-03-26 10:43:11.25",17805,100442,0.3,12.62,39,1.3628,-108,-11.3611,2,10,0.9,3048.3,0,0.02271333,-0.1893517,3,26,13,44,51,350000
"2019-03-26 10:43:12",17806,100443,0.3,12.62,39,1.3642,-108,-11.363,2,10,0.9,3049,0,0.02273667,-0.1893833,3,26,13,45,0,790000
"2019-03-26 10:43:12.75",17807,100444,0.3,12.62,39,1.3653,-108,-11.3645,2,10,0.9,3049,0,0.022755,-0.1894083,3,26,13,45,11,210000
"2019-03-26 10:43:13.5",17808,100445,0.3,12.62,39,1.3663,-108,-11.3656,2,10,0.9,3049.4,0,0.02277167,-0.1894267,3,26,13,45,26,30000
"2019-03-26 10:43:14",17809,100446,0.3,12.62,39,1.3676,-108,-11.3677,2,10,0.9,3049.1,0,0.02279333,-0.1894617,3,26,13,45,38,590000
"2019-03-26 10:43:14.75",17810,100447,0.3,12.62,39,1.3683,-108,-11.37,2,10,0.9,3049.1,0,0.022805,-0.1895,3,26,13,46,0,250000
"2019-03-26 10:43:15.25",17811,100448,0.3,12.62,39,1.3693,-108,-11.3714,2,10,0.9,3050.4,0,0.02282167,-0.1895233,3,26,13,46,5,130000
"2019-03-26 10:43:16",17812,100449,0.3,12.62,39,1.3705,-108,-11.3732,2,10,0.9,3049.9,0,0.02284167,-0.1895533,3,26,13,46,17,790000
"2019-03-26 10:43:17",17813,100450,0.3,12.62,39,1.3715,-108,-11.3742,2,10,0.9,3049.3,0,0.02285833,-0.18957,3,26,13,46,28,520000
"2019-03-26 10:43:17.75",17814,100451,0.3,12.62,39,1.3722,-108,-11.3747,2,10,0.9,3049.5,0,0.02287,-0.1895783,3,26,13,46,46,340000
"2019-03-26 10:43:18.5",17815,100452,0.3,12.62,39,1.3737,-108,-11.3766,2,10,0.9,3050.8,0,0.022895,-0.18961,3,26,13,46,55,730000
"2019-03-26 10:43:19.25",17816,100453,0.242,12.62,39,1.3758,-108,-11.3791,2,10,0.9,3052.5,-0.004,0.02293,-0.1896517,3,26,13,49,26,10000
"2019-03-26 10:43:20",17817,100454,0.3,12.62,39,1.3762,-108,-11.3799,2,10,0.9,3051.7,0,0.02293667,-0.189665,3,26,13,49,39,820000
"2019-03-26 10:43:21",17818,100455,0.3,12.62,39,1.377,-108,-11.3816,2,10,0.9,3051.7,0,0.02295,-0.1896933,3,26,13,49,50,920000
"2019-03-26 10:43:21.75",17819,100456,0.3,12.62,39,1.3779,-108,-11.383,2,10,0.9,3052.1,0,0.022965,-0.1897167,3,26,13,50,6,350000
"2019-03-26 10:43:22.5",17820,100457,0.3,12.62,39,1.3785,-108,-11.3851,2,10,0.9,3052.1,0,0.022975,-0.1897517,3,26,13,50,16,900000
"2019-03-26 10:43:23",17821,100458,0.3,12.62,39,1.3791,-108,-11.3868,2,10,0.9,3051.3,0,0.022985,-0.18978,3,26,13,50,27,540000
"2019-03-26 10:43:23.75",17822,100459,0.3,12.62,39,1.3803,-108,-11.3894,2,10,0.9,3050.9,0,0.023005,-0.1898233,3,26,13,50,39,480000
"2019-03-26 10:43:24.25",17823,100460,0.242,12.62,39,1.38,-108,-11.3911,2,10,0.9,3051.2,-0.004,0.023,-0.1898517,3,26,13,51,18,310000
"2019-03-26 10:43:25",17824,100461,0.3,12.61,39,1.3805,-108,-11.3942,2,10,0.9,3050.1,0,0.02300833,-0.1899033,3,26,13,51,37,250000
"2019-03-26 10:43:25.5",17825,100462,0.3,12.62,39,1.3811,-108,-11.3965,2,10,0.9,3051.3,0,0.02301833,-0.1899417,3,26,13,52,2,780000
"2019-03-26 10:43:26",17826,100463,0.3,12.62,39,1.3821,-108,-11.3982,2,10,0.9,3051.6,0,0.023035,-0.18997,3,26,13,52,19,780000
"2019-03-26 10:43:26.75",17827,100464,0.3,12.61,39,1.3821,-108,-11.3995,2,10,0.9,3051.1,0,0.023035,-0.1899917,3,26,13,52,28,840000
"2019-03-26 10:43:27.5",17828,100465,0.3,12.62,39,1.3822,-108,-11.4015,2,10,0.9,3050.7,0,0.02303667,-0.190025,3,26,13,52,37,20000
"2019-03-26 10:43:28.25",17829,100466,0.3,12.62,39,1.3835,-108,-11.4035,2,10,0.9,3050.9,0,0.02305833,-0.1900583,3,26,13,52,53,600000
"2019-03-26 10:43:29",17830,100467,0.3,12.61,39,1.3836,-108,-11.4058,2,10,0.9,3051.4,0,0.02306,-0.1900967,3,26,13,53,2,160000
"2019-03-26 10:43:29.75",17831,100468,0.3,12.62,39,1.3838,-108,-11.4075,2,10,0.9,3051.1,0,0.02306333,-0.190125,3,26,13,53,12,130000
"2019-03-26 10:43:30.25",17832,100469,0.3,12.62,39,1.385,-108,-11.4098,2,10,0.9,3050.4,0,0.02308333,-0.1901633,3,26,13,53,29,630000
"2019-03-26 10:43:30.75",17833,100470,0.3,12.61,39,1.3853,-108,-11.4113,2,10,0.9,3050.1,0,0.02308833,-0.1901883,3,26,13,53,40,120000
"2019-03-26 10:43:31.5",17834,100471,0.3,12.61,39,1.386,-108,-11.4142,2,10,0.9,3051.5,0,0.0231,-0.1902367,3,26,13,53,52,670000
"2019-03-26 10:43:32.25",17835,100472,0.3,12.61,39,1.3861,-108,-11.4162,2,10,0.9,3050.7,0,0.02310167,-0.19027,3,26,13,54,4,670000
"2019-03-26 10:43:32.75",17836,100473,0.3,12.61,39,1.387,-108,-11.4178,2,10,0.9,3051.4,0,0.02311667,-0.1902967,3,26,13,54,18,850000
"2019-03-26 10:43:33.25",17837,100474,0.3,12.61,39,1.3874,-108,-11.4198,2,10,0.9,3051.3,0,0.02312333,-0.19033,3,26,13,54,32,290000
"2019-03-26 10:43:34.25",17838,100475,0.3,12.61,39,1.3873,-108,-11.4214,2,10,0.9,3050.2,0,0.02312167,-0.1903567,3,26,13,54,44,340000
"2019-03-26 10:43:34.75",17839,100476,0.3,12.61,39,1.3881,-108,-11.4242,2,10,0.9,3049.8,0,0.023135,-0.1904033,3,26,13,54,55,190000
"2019-03-26 10:43:35.5",17840,100477,0.3,12.61,39,1.3892,-108,-11.4263,2,10,0.9,3050,0,0.02315333,-0.1904383,3,26,13,55,9,900000
"2019-03-26 10:43:36.25",17841,100478,0.242,12.61,39,1.3898,-108,-11.4286,2,10,0.9,3050.3,-0.004,0.02316333,-0.1904767,3,26,13,55,22,800000
"2019-03-26 10:43:37",17842,100479,0.3,12.61,39,1.3898,-108,-11.4308,2,10,0.9,3050,0,0.02316333,-0.1905133,3,26,13,55,35,830000
"2019-03-26 10:43:37.5",17843,100480,0.3,12.61,39,1.3903,-108,-11.4326,2,10,0.9,3049.5,0,0.02317167,-0.1905433,3,26,13,55,51,300000
"2019-03-26 10:43:38.25",17844,100481,0.3,12.61,39,1.3905,-108,-11.434,2,10,0.9,3050.1,0,0.023175,-0.1905667,3,26,13,56,4,390000
"2019-03-26 10:43:38.75",17845,100482,0.3,12.61,39,1.3907,-108,-11.436,2,10,0.9,3050.2,0,0.02317833,-0.1906,3,26,13,56,18,100000
"2019-03-26 10:43:39.5",17846,100483,0.3,12.61,39,1.3916,-108,-11.4385,2,10,0.9,3050.4,0,0.02319333,-0.1906417,3,26,13,56,31,20000
"2019-03-26 10:43:40",17847,100484,0.3,12.61,39,1.3918,-108,-11.4399,2,10,0.9,3050.9,0,0.02319667,-0.190665,3,26,13,58,0,670000
"2019-03-26 10:43:40.75",17848,100485,0.3,12.6,39,1.3918,-108,-11.4399,2,10,0.9,3050.9,0,0.02319667,-0.190665,3,26,13,58,2,120000
"2019-03-26 10:43:41.5",17849,100486,0.3,12.61,39,1.3918,-108,-11.4399,2,10,0.9,3050.9,0,0.02319667,-0.190665,3,26,13,58,3,620000
"2019-03-26 10:43:42.25",17850,100487,0.3,12.61,39,1.3909,-108,-11.4402,2,10,0.9,3050.7,0,0.02318167,-0.19067,3,26,13,58,34,0
"2019-03-26 10:43:43",17851,100488,0.3,12.61,39,1.3894,-108,-11.4386,2,10,0.9,3050.5,0,0.02315667,-0.1906433,3,26,13,58,45,450000
"2019-03-26 10:43:43.75",17852,100489,0.3,12.61,39,1.3875,-108,-11.4384,2,10,0.9,3049.9,0,0.023125,-0.19064,3,26,13,59,1,610000
"2019-03-26 10:43:44.5",17853,100490,0.3,12.61,39,1.3857,-108,-11.4369,2,10,0.9,3050.2,0,0.023095,-0.190615,3,26,13,59,10,810000
"2019-03-26 10:43:45.25",17854,100491,0.3,12.61,39,1.3837,-108,-11.4361,2,10,0.9,3048.4,0,0.02306167,-0.1906017,3,26,13,59,25,400000
"2019-03-26 10:43:46",17855,100492,0.242,12.6,39,1.3822,-108,-11.4354,2,10,0.9,3049,-0.004,0.02303667,-0.19059,3,26,13,59,43,860000
"2019-03-26 10:43:46.5",17856,100493,0.3,12.6,39,1.3816,-108,-11.4346,2,10,0.9,3050.4,0,0.02302667,-0.1905767,3,26,13,59,55,220000
"2019-03-26 10:43:47.25",17857,100494,0.3,12.6,39,1.3802,-108,-11.4335,2,10,0.9,3051.4,0,0.02300333,-0.1905583,3,26,14,0,9,540000
"2019-03-26 10:43:47.75",17858,100495,0.3,12.6,39,1.3787,-108,-11.4321,2,10,0.9,3051.2,0,0.02297833,-0.190535,3,26,14,0,25,370000
"2019-03-26 10:43:48.25",17859,100496,0.3,12.6,39,1.3769,-108,-11.4309,2,10,0.9,3051.6,0,0.02294833,-0.190515,3,26,14,0,36,950000
"2019-03-26 10:43:49",17860,100497,0.3,12.6,39,1.3751,-108,-11.43,2,10,0.9,3050.8,0,0.02291833,-0.1905,3,26,14,0,50,710000
"2019-03-26 10:43:49.75",17861,100498,0.242,12.6,39,1.3736,-108,-11.4294,2,10,0.9,3048.9,-0.004,0.02289333,-0.19049,3,26,14,1,6,520000
"2019-03-26 10:43:50.5",17862,100499,0.3,12.6,39,1.3718,-108,-11.428,2,10,0.9,3048.8,0,0.02286333,-0.1904667,3,26,14,1,16,360000
"2019-03-26 10:43:51.25",17863,100500,0.3,12.6,39,1.3694,-108,-11.4273,2,10,0.9,3048.1,0,0.02282333,-0.190455,3,26,14,1,41,220000
"2019-03-26 10:43:52",17864,100501,0.242,12.6,39,1.3678,-108,-11.4272,2,10,0.9,3048,-0.004,0.02279667,-0.1904533,3,26,14,1,52,530000
"2019-03-26 10:43:52.5",17865,100502,0.3,12.6,39,1.3663,-108,-11.4262,2,10,0.9,3047.8,0,0.02277167,-0.1904367,3,26,14,2,3,790000
"2019-03-26 10:43:53",17866,100503,0.3,12.6,39,1.3642,-108,-11.4249,2,10,0.9,3048.4,0,0.02273667,-0.190415,3,26,14,2,17,950000
"2019-03-26 10:43:54",17867,100504,0.3,12.6,39,1.3629,-108,-11.424,2,10,0.9,3048.1,0,0.022715,-0.1904,3,26,14,2,35,510000
"2019-03-26 10:43:54.75",17868,100505,0.3,12.6,39,1.3616,-108,-11.4233,2,10,0.9,3048.6,0,0.02269333,-0.1903883,3,26,14,2,44,910000
"2019-03-26 10:43:55.25",17869,100506,0.3,12.6,39,1.3596,-108,-11.4234,2,10,0.9,3049,0,0.02266,-0.19039,3,26,14,2,58,800000
"2019-03-26 10:43:56",17870,100507,0.3,12.6,39,1.3578,-108,-11.4224,2,10,0.9,3048.3,0,0.02263,-0.1903733,3,26,14,3,12,0
"2019-03-26 10:43:56.75",17871,100508,0.3,12.6,39,1.3571,-108,-11.4212,2,10,0.9,3048.8,0,0.02261833,-0.1903533,3,26,14,3,25,130000
"2019-03-26 10:43:57.5",17872,100509,0.242,12.6,39,1.3548,-108,-11.4199,2,10,0.9,3049.4,-0.004,0.02258,-0.1903317,3,26,14,3,40,480000
"2019-03-26 10:43:58.25",17873,100510,0.3,12.6,39,1.3524,-108,-11.419,2,10,0.9,3049.5,0,0.02254,-0.1903167,3,26,14,3,57,40000
"2019-03-26 10:43:59",17874,100511,0.3,12.6,39,1.3507,-108,-11.4179,2,10,0.9,3048.8,0,0.02251167,-0.1902983,3,26,14,4,8,850000
"2019-03-26 10:43:59.75",17875,100512,0.3,12.6,39,1.3493,-108,-11.4175,2,10,0.9,3047.3,0,0.02248833,-0.1902917,3,26,14,4,23,160000
"2019-03-26 10:44:00.5",17876,100513,0.3,12.6,39,1.3478,-108,-11.4169,2,10,0.9,3047.3,0,0.02246333,-0.1902817,3,26,14,4,35,410000
"2019-03-26 10:44:01.25",17877,100514,0.3,12.6,39,1.3466,-108,-11.4156,2,10,0.9,3046.7,0,0.02244333,-0.19026,3,26,14,4,49,780000
"2019-03-26 10:44:01.75",17878,100515,0.3,12.6,39,1.3448,-108,-11.4144,2,10,0.9,3046.8,0,0.02241333,-0.19024,3,26,14,5,1,640000
"2019-03-26 10:44:02.5",17879,100516,0.3,12.6,39,1.3432,-108,-11.4137,2,10,0.9,3047.8,0,0.02238667,-0.1902283,3,26,14,5,16,640000
"2019-03-26 10:44:03.25",17880,100517,0.3,12.6,39,1.3421,-108,-11.4123,2,10,0.9,3047.2,0,0.02236833,-0.190205,3,26,14,5,30,360000
"2019-03-26 10:44:03.75",17881,100518,0.242,12.6,39,1.3401,-108,-11.4102,2,10,0.9,3046.5,-0.004,0.022335,-0.19017,3,26,14,5,42,990000
"2019-03-26 10:44:04.5",17882,100519,0.3,12.6,39,1.3388,-108,-11.4102,2,10,0.9,3046.7,0,0.02231333,-0.19017,3,26,14,6,2,460000
"2019-03-26 10:44:05.25",17883,100520,0.3,12.6,39,1.338,-108,-11.41,2,10,0.9,3047.3,0,0.0223,-0.1901667,3,26,14,6,36,210000
"2019-03-26 10:44:05.75",17884,100521,0.3,12.6,39,1.3365,-108,-11.4086,2,10,0.9,3047.6,0,0.022275,-0.1901433,3,26,14,7.00000,21,710000
"2019-03-26 10:44:06.5",17885,100522,0.3,12.6,39,1.3343,-108,-11.4071,2,10,0.9,3047.8,0,0.02223833,-0.1901183,3,26,14,7.00000,40,710000
"2019-03-26 10:44:07.5",17886,100523,0.3,12.6,39,1.3332,-108,-11.4066,2,10,0.9,3045.9,0,0.02222,-0.19011,3,26,14,7.00000,59,960000
"2019-03-26 10:44:08.25",17887,100524,0.3,12.6,39,1.3316,-108,-11.4056,2,10,0.9,3046.2,0,0.02219333,-0.1900933,3,26,14,8,16,570000
"2019-03-26 10:44:09",17888,100525,0.3,12.6,39,1.3301,-108,-11.4044,2,10,0.9,3045.9,0,0.02216833,-0.1900733,3,26,14,8,49,750000
"2019-03-26 10:44:09.75",17889,100526,0.3,12.6,39,1.3287,-108,-11.4045,2,10,0.9,3045.8,0,0.022145,-0.190075,3,26,14,9,4,400000
"2019-03-26 10:44:10.5",17890,100527,0.3,12.6,39,1.3273,-108,-11.4028,2,10,0.9,3043.7,0,0.02212167,-0.1900467,3,26,14,9,20,440000
"2019-03-26 10:44:11.25",17891,100528,0.3,12.6,39,1.3265,-108,-11.4012,2,10,0.9,3042.8,0,0.02210834,-0.19002,3,26,14,9,42,160000
"2019-03-26 10:44:12",17892,100529,0.3,12.6,39,1.3245,-108,-11.399,2,10,0.9,3043.6,0,0.022075,-0.1899833,3,26,14,9,51,980000
"2019-03-26 10:44:12.75",17893,100530,0.3,12.6,39,1.3236,-108,-11.3984,2,10,0.9,3044.2,0,0.02206,-0.1899733,3,26,14,10,6,360000
"2019-03-26 10:44:13.5",17894,100531,0.3,12.6,39,1.3226,-108,-11.3967,2,10,0.9,3044.5,0,0.02204333,-0.189945,3,26,14,10,22,260000
"2019-03-26 10:44:14.25",17895,100532,0.3,12.6,39,1.3206,-108,-11.3956,2,10,0.9,3045.4,0,0.02201,-0.1899267,3,26,14,11,12,430000
"2019-03-26 10:44:15",17896,100533,0.3,12.6,39,1.3199,-108,-11.3934,2,10,0.9,3045.2,0,0.02199833,-0.18989,3,26,14,11,39,230000
"2019-03-26 10:44:15.5",17897,100534,0.3,12.6,39,1.3195,-108,-11.3922,2,9,1,3045.1,0,0.02199167,-0.18987,3,26,14,11,59,400000
"2019-03-26 10:44:16",17898,100535,0.3,12.59,39,1.3194,-108,-11.3921,2,10,0.9,3045.1,0,0.02199,-0.1898683,3,26,14,12,0,780000
"2019-03-26 10:44:16.75",17899,100536,0.3,12.59,39,1.3195,-108,-11.3921,2,10,0.9,3044.8,0,0.02199167,-0.1898683,3,26,14,12,2,120000
"2019-03-26 10:44:17.5",17900,100537,0.3,12.6,39,1.3203,-108,-11.3917,2,10,0.9,3045.7,0,0.022005,-0.1898617,3,26,14,12,40,740000
"2019-03-26 10:44:18.25",17901,100538,0.3,12.6,39,1.3216,-108,-11.3914,2,10,0.9,3046.9,0,0.02202667,-0.1898567,3,26,14,13,9,200000
"2019-03-26 10:44:19",17902,100539,0.3,12.6,39,1.3236,-108,-11.3902,2,10,0.9,3046.7,0,0.02206,-0.1898367,3,26,14,13,27,540000
"2019-03-26 10:44:19.75",17903,100540,0.3,12.6,39,1.325,-108,-11.3902,2,10,0.9,3047.1,0,0.02208333,-0.1898367,3,26,14,13,45,410000
"2019-03-26 10:44:20.5",17904,100541,0.3,12.6,39,1.3271,-108,-11.3902,2,10,0.9,3047.2,0,0.02211833,-0.1898367,3,26,14,13,58,610000
"2019-03-26 10:44:21.25",17905,100542,0.3,12.6,39,1.3283,-108,-11.3896,2,10,0.9,3046.6,0,0.02213833,-0.1898267,3,26,14,14,14,980000
"2019-03-26 10:44:22",17906,100543,0.3,12.59,39,1.3298,-108,-11.3884,2,10,0.9,3048.1,0,0.02216333,-0.1898067,3,26,14,15,13,300000
"2019-03-26 10:44:22.75",17907,100544,0.3,12.59,39,1.3316,-108,-11.389,2,10,0.9,3047.3,0,0.02219333,-0.1898167,3,26,14,15,24,60000
"2019-03-26 10:44:23.5",17908,100545,0.3,12.59,39,1.3326,-108,-11.39,2,10,0.9,3045.8,0,0.02221,-0.1898333,3,26,14,15,41,850000
"2019-03-26 10:44:24.25",17909,100546,0.3,12.59,39,1.3345,-108,-11.3886,2,10,0.9,3047,0,0.02224167,-0.18981,3,26,14,15,52,510000
"2019-03-26 10:44:24.75",17910,100547,0.3,12.59,39,1.3364,-108,-11.3886,2,10,0.9,3046.5,0,0.02227333,-0.18981,3,26,14,16,6,80000
"2019-03-26 10:44:25.5",17911,100548,0.3,12.59,39,1.3386,-108,-11.3883,2,10,0.9,3046.5,0,0.02231,-0.189805,3,26,14,16,17,140000
"2019-03-26 10:44:26.25",17912,100549,0.3,12.59,39,1.3394,-108,-11.388,2,10,0.9,3048,0,0.02232333,-0.1898,3,26,14,16,30,390000
"2019-03-26 10:44:26.75",17913,100550,0.3,12.59,39,1.3412,-108,-11.3876,2,10,0.9,3047.6,0,0.02235333,-0.1897933,3,26,14,16,42,920000
"2019-03-26 10:44:27.5",17914,100551,0.3,12.59,39,1.3432,-108,-11.3876,2,10,0.9,3048.1,0,0.02238667,-0.1897933,3,26,14,16,54,190000
"2019-03-26 10:44:28",17915,100552,0.3,12.59,39,1.3448,-108,-11.3873,2,10,0.9,3047.6,0,0.02241333,-0.1897883,3,26,14,17,9,610000
"2019-03-26 10:44:28.75",17916,100553,0.3,12.59,39,1.346,-108,-11.3871,2,10,0.9,3047.5,0,0.02243333,-0.189785,3,26,14,17,22,310000
"2019-03-26 10:44:29.5",17917,100554,0.3,12.59,39,1.3474,-108,-11.3868,2,10,0.9,3048.1,0,0.02245667,-0.18978,3,26,14,17,32,830000
"2019-03-26 10:44:30.25",17918,100555,0.3,12.59,39,1.3487,-108,-11.3872,2,10,0.9,3048.1,0,0.02247833,-0.1897867,3,26,14,17,44,200000
"2019-03-26 10:44:31",17919,100556,0.3,12.59,39,1.3502,-108,-11.3866,2,10,0.9,3049.3,0,0.02250334,-0.1897767,3,26,14,17,58,630000
"2019-03-26 10:44:31.75",17920,100557,0.3,12.59,39,1.3517,-108,-11.3868,2,10,0.9,3050,0,0.02252833,-0.18978,3,26,14,18,10,420000
"2019-03-26 10:44:32.5",17921,100558,0.242,12.59,39,1.3534,-108,-11.3864,2,10,0.9,3050.2,-0.004,0.02255667,-0.1897733,3,26,14,18,21,170000
"2019-03-26 10:44:33.25",17922,100559,0.3,12.59,39,1.3551,-108,-11.3863,2,10,0.9,3050.6,0,0.022585,-0.1897717,3,26,14,18,33,350000
"2019-03-26 10:44:34",17923,100560,0.3,12.59,39,1.3568,-108,-11.3868,2,10,0.9,3050.3,0,0.02261333,-0.18978,3,26,14,18,46,300000
"2019-03-26 10:44:34.75",17924,100561,0.242,12.59,39,1.3586,-108,-11.3865,2,10,0.9,3051.4,-0.004,0.02264333,-0.189775,3,26,14,19,1,520000
"2019-03-26 10:44:35.5",17925,100562,0.3,12.59,39,1.3604,-108,-11.3876,2,10,0.9,3052.2,0,0.02267333,-0.1897933,3,26,14,19,13,530000
"2019-03-26 10:44:36.25",17926,100563,0.3,12.59,39,1.3617,-108,-11.3877,2,10,0.9,3052.4,0,0.022695,-0.189795,3,26,14,19,24,380000
"2019-03-26 10:44:37",17927,100564,0.3,12.59,39,1.3632,-108,-11.3872,2,10,0.9,3052.2,0,0.02272,-0.1897867,3,26,14,19,36,510000
"2019-03-26 10:44:37.75",17928,100565,0.242,12.59,39,1.3654,-108,-11.3872,2,10,0.9,3052.8,-0.004,0.02275667,-0.1897867,3,26,14,20,4,340000
"2019-03-26 10:44:38.5",17929,100566,0.3,12.59,39,1.3675,-108,-11.3877,2,10,0.9,3052.4,0,0.02279167,-0.189795,3,26,14,20,18,870000
"2019-03-26 10:44:39.25",17930,100567,0.3,12.59,39,1.3695,-108,-11.3875,2,10,0.9,3053.3,0,0.022825,-0.1897917,3,26,14,20,41,800000
"2019-03-26 10:44:40",17931,100568,0.3,12.59,39,1.371,-108,-11.388,2,10,0.9,3053.1,0,0.02285,-0.1898,3,26,14,20,56,160000
"2019-03-26 14:56:30",17932,100001,0.3,12.59,39,1.1581,-108,-10.5865,2,10,0.8,3067.7,0,0.01930167,-0.1764417,3,26,15,3,25,150000
"2019-03-26 14:56:30.5",17933,100002,0.3,12.59,39,1.1579,-108,-10.5865,2,10,0.8,3068,0,0.01929833,-0.1764417,3,26,15,3,32,220000
"2019-03-26 14:56:31.25",17934,100003,0.3,12.59,39,1.158,-108,-10.5865,2,10,0.8,3067.9,0,0.0193,-0.1764417,3,26,15,3,37,620000
"2019-03-26 14:56:31.5",17935,100004,0.3,12.59,39,1.158,-108,-10.5865,2,10,0.8,3068,0,0.0193,-0.1764417,3,26,15,4,2,840000
"2019-03-26 14:56:32",17936,501,0.3,12.59,39,1.1585,-108,-10.5862,2,9,0.9,3068.2,0,0.01930833,-0.1764367,3,26,15,4,26,220000
"2019-03-26 14:56:32.75",17937,502,0.3,12.59,39,1.1584,-108,-10.5864,2,10,0.8,3068,0,0.01930667,-0.17644,3,26,15,4,49,450000
"2019-03-26 14:56:33.5",17938,503,0.3,12.59,39,1.1568,-108,-10.5852,2,10,0.8,3068.3,0,0.01928,-0.17642,3,26,15,5,28,490000
"2019-03-26 14:56:34",17939,504,0.3,12.59,39,1.1544,-108,-10.5865,2,10,0.8,3069.6,0,0.01924,-0.1764417,3,26,15,5,56,680000
"2019-03-26 14:56:34.75",17940,505,0.242,12.59,39,1.1526,-108,-10.5875,2,10,0.8,3069.8,-0.004,0.01921,-0.1764583,3,26,15,6,17,930000
"2019-03-26 14:56:35.5",17941,506,0.3,12.59,39,1.1516,-108,-10.588,2,10,0.8,3069.7,0,0.01919333,-0.1764667,3,26,15,6,29,110000
"2019-03-26 14:56:36.25",17942,507,0.3,12.59,39,1.1493,-108,-10.5881,2,10,0.8,3068.9,0,0.019155,-0.1764683,3,26,15,7.00000,8,450000
"2019-03-26 14:56:36.75",17943,508,0.3,12.59,39,1.1471,-108,-10.5879,2,10,0.8,3070.8,0,0.01911833,-0.176465,3,26,15,7.00000,40,10000
"2019-03-26 14:56:37.5",17944,509,0.3,12.59,39,1.1454,-108,-10.5892,2,10,0.8,3069.4,0,0.01909,-0.1764867,3,26,15,7.00000,57,560000
"2019-03-26 14:56:38.25",17945,510,0.3,12.59,39,1.1451,-108,-10.589,2,10,0.8,3069.4,0,0.019085,-0.1764833,3,26,15,8,3,560000
"2019-03-26 14:56:39",17946,511,0.3,12.58,39,1.1439,-108,-10.5884,2,10,0.8,3069.8,0,0.019065,-0.1764733,3,26,15,8,19,600000
"2019-03-26 14:56:39.25",17947,512,0.3,12.58,39,1.1421,-108,-10.5882,2,10,0.8,3070.3,0,0.019035,-0.17647,3,26,15,8,38,870000
"2019-03-26 14:56:40",17948,513,0.3,12.58,39,1.1406,-108,-10.5889,2,10,0.8,3070.5,0,0.01901,-0.1764817,3,26,15,8,51,590000
"2019-03-26 14:56:40.5",17949,514,0.3,12.58,39,1.1385,-108,-10.5905,2,10,0.8,3071.2,0,0.018975,-0.1765083,3,26,15,9,9,970000
"2019-03-26 14:56:41",17950,515,0.3,12.58,39,1.1371,-108,-10.5914,2,10,0.8,3070.9,0,0.01895167,-0.1765233,3,26,15,9,23,520000
"2019-03-26 14:56:42",17951,516,0.3,12.58,39,1.1362,-108,-10.5913,2,10,0.8,3069.1,0,0.01893667,-0.1765217,3,26,15,9,38,430000
"2019-03-26 14:56:42.75",17952,517,0.3,12.58,39,1.1346,-108,-10.5919,2,10,0.8,3069.9,0,0.01891,-0.1765317,3,26,15,9,50,60000
"2019-03-26 14:56:43.5",17953,518,0.3,12.58,39,1.133,-108,-10.5926,2,10,0.8,3069.5,0,0.01888333,-0.1765433,3,26,15,10,4,910000
"2019-03-26 14:56:44.25",17954,519,0.3,12.58,39,1.1308,-108,-10.5917,2,10,0.8,3069.7,0,0.01884667,-0.1765283,3,26,15,10,18,700000
"2019-03-26 14:56:44.75",17955,520,0.3,12.58,39,1.1286,-108,-10.592,2,10,0.8,3069.4,0,0.01881,-0.1765333,3,26,15,10,42,30000
"2019-03-26 14:56:45.5",17956,521,0.3,12.58,39,1.1284,-108,-10.5918,2,10,0.8,3068.2,0,0.01880667,-0.17653,3,26,15,10,54,410000
"2019-03-26 14:56:46.25",17957,522,0.3,12.58,39,1.126,-108,-10.5928,2,10,0.8,3067.6,0,0.01876667,-0.1765467,3,26,15,11,10,680000
"2019-03-26 14:56:46.75",17958,523,0.3,12.58,39,1.1239,-108,-10.5927,2,10,0.8,3067.4,0,0.01873167,-0.176545,3,26,15,11,38,120000
"2019-03-26 14:56:47.5",17959,524,0.3,12.58,39,1.1228,-108,-10.5919,2,10,0.8,3068.9,0,0.01871333,-0.1765317,3,26,15,12,14,210000
"2019-03-26 14:56:48",17960,525,0.3,12.58,39,1.1246,-108,-10.5925,2,10,0.8,3067.6,0,0.01874333,-0.1765417,3,26,15,12,33,100000
"2019-03-26 14:56:48.75",17961,526,0.3,12.58,39,1.1259,-108,-10.5936,2,10,0.8,3067,0,0.018765,-0.17656,3,26,15,12,55,100000
"2019-03-26 14:56:49.25",17962,527,0.3,12.58,39,1.1277,-108,-10.5955,2,10,0.8,3066.9,0,0.018795,-0.1765917,3,26,15,13,8,340000
"2019-03-26 14:56:50",17963,528,0.3,12.58,39,1.1293,-108,-10.5961,2,10,0.8,3068.2,0,0.01882167,-0.1766017,3,26,15,13,29,120000
"2019-03-26 14:56:50.75",17964,529,0.3,12.58,39,1.1308,-108,-10.5984,2,10,0.8,3067.6,0,0.01884667,-0.17664,3,26,15,13,55,260000
"2019-03-26 14:56:51.5",17965,530,0.3,12.57,39,1.131,-108,-10.5989,2,10,0.8,3067.1,0,0.01885,-0.1766483,3,26,15,14,37,520000
"2019-03-26 14:56:52",17966,531,0.3,12.57,39,1.1328,-108,-10.6004,2,10,0.8,3066.8,0,0.01888,-0.1766733,3,26,15,14,53,270000
"2019-03-26 14:56:53",17967,532,0.3,12.57,39,1.1348,-108,-10.6023,2,10,0.8,3067.3,0,0.01891333,-0.176705,3,26,15,15,9,890000
"2019-03-26 14:56:53.75",17968,533,0.3,12.57,39,1.1356,-108,-10.6036,2,10,0.8,3067.4,0,0.01892667,-0.1767267,3,26,15,15,21,740000
"2019-03-26 14:56:54.25",17969,534,0.3,12.57,39,1.1364,-108,-10.6041,2,10,0.8,3067.2,0,0.01894,-0.176735,3,26,15,15,30,920000
"2019-03-26 14:56:54.75",17970,535,0.3,12.57,39,1.1381,-108,-10.6054,2,10,0.8,3068,0,0.01896833,-0.1767567,3,26,15,15,52,180000
"2019-03-26 14:56:55.5",17971,536,0.3,12.57,39,1.1387,-108,-10.6066,2,10,0.8,3067.9,0,0.01897833,-0.1767767,3,26,15,16,7.00000,190000
"2019-03-26 14:56:55.75",17972,537,0.242,12.57,39,1.1407,-108,-10.608,2,10,0.8,3066,-0.004,0.01901167,-0.1768,3,26,15,16,31,10000
"2019-03-26 14:56:56.5",17973,538,0.3,12.57,39,1.1423,-108,-10.6097,2,10,0.8,3066.5,0,0.01903833,-0.1768283,3,26,15,16,46,310000
"2019-03-26 14:56:57.25",17974,539,0.3,12.57,39,1.1437,-108,-10.6106,2,10,0.8,3068,0,0.01906167,-0.1768433,3,26,15,17,8,370000
"2019-03-26 14:56:58",17975,540,0.3,12.57,39,1.1444,-108,-10.6119,2,10,0.8,3067.3,0,0.01907333,-0.176865,3,26,15,17,20,830000
"2019-03-26 14:56:58.5",17976,541,0.3,12.57,39,1.1457,-108,-10.6132,2,9,0.8,3066.2,0,0.019095,-0.1768867,3,26,15,17,32,530000
"2019-03-26 14:56:58.75",17977,542,0.3,12.57,39,1.1466,-108,-10.6147,2,9,0.8,3065.7,0,0.01911,-0.1769117,3,26,15,17,47,380000
"2019-03-26 14:56:59.5",17978,543,0.3,12.57,39,1.1483,-108,-10.6168,2,9,0.8,3066.8,0,0.01913833,-0.1769467,3,26,15,18,4,900000
"2019-03-26 14:57:00.25",17979,544,0.185,12.57,39,1.15,-108,-10.6171,2,9,0.8,3067.1,-0.007,0.01916667,-0.1769517,3,26,15,18,15,0
"2019-03-26 14:57:01",17980,545,0.242,12.56,39,1.1513,-108,-10.6185,2,9,0.8,3066,-0.004,0.01918833,-0.176975,3,26,15,18,40,720000
"2019-03-26 14:57:01.75",17981,546,0.3,12.57,39,1.1523,-108,-10.6198,2,9,0.8,3065.7,0,0.019205,-0.1769967,3,26,15,18,53,450000
"2019-03-26 14:57:02.25",17982,547,0.185,12.56,39,1.1535,-108,-10.6207,2,9,0.8,3065.2,-0.007,0.019225,-0.1770117,3,26,15,19,3,140000
"2019-03-26 14:57:02.75",17983,548,0.3,12.56,39,1.1542,-108,-10.6217,2,9,0.8,3066.3,0,0.01923667,-0.1770283,3,26,15,19,28,210000
"2019-03-26 14:57:03.25",17984,549,0.242,12.56,39,1.1553,-108,-10.6232,2,9,0.8,3065.4,-0.004,0.019255,-0.1770533,3,26,15,19,39,900000
"2019-03-26 14:57:03.75",17985,550,0.3,12.56,39,1.157,-108,-10.624,2,9,0.8,3065.3,0,0.01928333,-0.1770667,3,26,15,19,57,270000
"2019-03-26 14:57:04.25",17986,551,0.242,12.56,39,1.1583,-108,-10.6256,2,9,0.8,3066.2,-0.004,0.019305,-0.1770933,3,26,15,20,19,410000
"2019-03-26 14:57:05",17987,552,0.3,12.56,39,1.1599,-108,-10.6264,2,9,0.8,3066.8,0,0.01933167,-0.1771067,3,26,15,20,31,360000
"2019-03-26 14:57:05.5",17988,553,0.3,12.56,39,1.1578,-108,-10.626,2,9,0.8,3069.7,0,0.01929667,-0.1771,3,26,15,21,3,890000
"2019-03-26 14:57:06.25",17989,554,0.242,12.56,39,1.1577,-108,-10.6226,2,9,0.8,3067.2,-0.004,0.019295,-0.1770433,3,26,15,21,23,370000
"2019-03-26 14:57:06.75",17990,555,0.185,12.56,39,1.1584,-108,-10.6208,2,9,0.8,3067.5,-0.007,0.01930667,-0.1770133,3,26,15,21,33,350000
"2019-03-26 14:57:07.5",17991,556,0.242,12.56,39,1.1586,-108,-10.6193,2,9,0.8,3069.1,-0.004,0.01931,-0.1769883,3,26,15,21,39,160000
"2019-03-26 14:57:07.75",17992,557,0.3,12.56,39,1.1575,-108,-10.6177,2,9,0.8,3069.2,0,0.01929167,-0.1769617,3,26,15,22,13,300000
"2019-03-26 14:57:08.25",17993,558,0.242,12.56,39,1.1574,-108,-10.6161,2,8,0.9,3067.8,-0.004,0.01929,-0.176935,3,26,15,22,24,590000
"2019-03-26 14:57:09",17994,559,0.3,12.56,39,1.1574,-108,-10.6135,2,8,0.9,3068.9,0,0.01929,-0.1768917,3,26,15,22,41,240000
"2019-03-26 14:57:10",17995,560,0.3,12.56,39,1.1572,-108,-10.6115,2,8,0.9,3069,0,0.01928667,-0.1768583,3,26,15,22,54,650000
"2019-03-26 14:57:10.75",17996,561,0.3,12.56,39,1.1568,-108,-10.6102,2,9,0.9,3070.1,0,0.01928,-0.1768367,3,26,15,23,13,380000
"2019-03-26 14:57:11.5",17997,562,0.242,12.56,39,1.1559,-108,-10.6083,2,9,0.9,3069.3,-0.004,0.019265,-0.176805,3,26,15,23,34,60000
"2019-03-26 14:57:12.25",17998,563,0.3,12.56,39,1.1556,-108,-10.6064,2,9,0.9,3069.1,0,0.01926,-0.1767733,3,26,15,23,42,130000
"2019-03-26 14:57:13",17999,564,0.242,12.55,39,1.1555,-108,-10.6034,2,9,0.9,3068.4,-0.004,0.01925833,-0.1767233,3,26,15,23,59,790000
"2019-03-26 14:57:13.5",18000,565,0.3,12.56,39,1.1554,-108,-10.6024,2,8,0.9,3067.4,0,0.01925667,-0.1767067,3,26,15,24,23,610000
"2019-03-26 14:57:14",18001,566,0.3,12.56,39,1.1551,-108,-10.6012,2,9,0.9,3068.6,0,0.01925167,-0.1766867,3,26,15,24,36,790000
"2019-03-26 14:57:14.5",18002,567,0.3,12.56,39,1.1555,-108,-10.598,2,9,0.9,3066.4,0,0.01925833,-0.1766333,3,26,15,24,55,80000
